x y 
0.810860861	0.135485902
0.810860861	0.147316961
0.811951952	0.129739837
0.811951952	0.153099342
0.813043043	0.12602331
0.813043043	0.156851816
0.814134134	0.123055826
0.814134134	0.159854877
0.815225225	0.12051471
0.815225225	0.162431201
0.816316316	0.118258561
0.816316316	0.164722186
0.817407407	0.116210351
0.817407407	0.166804858
0.818498498	0.114322606
0.818498498	0.168726694
0.81958959	0.112563603
0.81958959	0.170519412
0.820680681	0.1109109
0.820680681	0.172205455
0.821771772	0.109347922
0.821771772	0.173801396
0.822862863	0.107862015
0.822862863	0.175319889
0.823953954	0.106443256
0.823953954	0.176770854
0.825045045	0.105083692
0.825045045	0.178162244
0.826136136	0.103776833
0.826136136	0.179500549
0.827227227	0.102517298
0.827227227	0.180791147
0.828318318	0.101300566
0.828318318	0.182038558
0.829409409	0.100122797
0.829409409	0.18324662
0.830500501	0.098980695
0.830500501	0.184418629
0.831591592	0.097871403
0.831591592	0.18555744
0.832682683	0.096792431
0.832682683	0.186665542
0.833773774	0.095741585
0.833773774	0.187745126
0.834864865	0.094716928
0.834864865	0.188798129
0.835955956	0.093716733
0.835955956	0.189826275
0.837047047	0.092739456
0.837047047	0.190831108
0.838138138	0.091783708
0.838138138	0.191814014
0.839229229	0.090848237
0.839229229	0.192776245
0.84032032	0.089931904
0.84032032	0.193718936
0.841411411	0.089033675
0.841411411	0.19464312
0.842502503	0.088152605
0.842502503	0.195549741
0.843593594	0.087287828
0.843593594	0.196439663
0.844684685	0.086438546
0.844684685	0.19731368
0.845775776	0.085604026
0.845775776	0.198172525
0.846866867	0.08478359
0.846866867	0.199016874
0.847957958	0.083976609
0.847957958	0.199847353
0.849049049	0.083182499
0.849049049	0.200664544
0.85014014	0.082400716
0.85014014	0.201468989
0.851231231	0.081630754
0.851231231	0.202261191
0.852322322	0.080872139
0.852322322	0.203041623
0.853413413	0.080124426
0.853413413	0.203810726
0.854504505	0.079387201
0.854504505	0.204568914
0.855595596	0.078660071
0.855595596	0.205316574
0.856686687	0.077942668
0.856686687	0.206054074
0.857777778	0.077234646
0.857777778	0.206781756
0.858868869	0.076535677
0.858868869	0.207499947
0.85995996	0.075845451
0.85995996	0.208208952
0.861051051	0.075163675
0.861051051	0.208909063
0.862142142	0.074490071
0.862142142	0.209600553
0.863233233	0.073824376
0.863233233	0.210283685
0.864324324	0.073166338
0.864324324	0.210958705
0.865415415	0.072515719
0.865415415	0.211625849
0.866506507	0.071872292
0.866506507	0.21228534
0.867597598	0.071235841
0.867597598	0.212937392
0.868688689	0.070606159
0.868688689	0.213582208
0.86977978	0.069983049
0.86977978	0.214219982
0.870870871	0.069366321
0.870870871	0.214850899
0.871961962	0.068755796
0.871961962	0.215475135
0.873053053	0.0681513
0.873053053	0.216092861
0.874144144	0.067552667
0.874144144	0.216704238
0.875235235	0.066959738
0.875235235	0.217309421
0.876326326	0.06637236
0.876326326	0.21790856
0.877417417	0.065790385
0.877417417	0.218501797
0.878508509	0.065213673
0.878508509	0.21908927
0.8795996	0.064642087
0.8795996	0.219671111
0.880690691	0.064075496
0.880690691	0.220247446
0.881781782	0.063513772
0.881781782	0.220818397
0.882872873	0.062956795
0.882872873	0.221384081
0.883963964	0.062404445
0.883963964	0.221944612
0.885055055	0.061856609
0.885055055	0.222500099
0.886146146	0.061313177
0.886146146	0.223050647
0.887237237	0.060774041
0.887237237	0.223596358
0.888328328	0.060239099
0.888328328	0.224137328
0.889419419	0.05970825
0.889419419	0.224673654
0.890510511	0.059181397
0.890510511	0.225205426
0.891601602	0.058658445
0.891601602	0.225732733
0.892692693	0.058139304
0.892692693	0.22625566
0.893783784	0.057623884
0.893783784	0.22677429
0.894874875	0.057112098
0.894874875	0.227288703
0.895965966	0.056603863
0.895965966	0.227798976
0.897057057	0.056099096
0.897057057	0.228305186
0.898148148	0.055597718
0.898148148	0.228807405
0.899239239	0.055099651
0.899239239	0.229305703
0.90033033	0.054604818
0.90033033	0.229800149
0.901421421	0.054113146
0.901421421	0.23029081
0.902512513	0.053624562
0.902512513	0.230777751
0.903603604	0.053138995
0.903603604	0.231261033
0.904694695	0.052656377
0.904694695	0.231740719
0.905785786	0.052176639
0.905785786	0.232216867
0.906876877	0.051699714
0.906876877	0.232689535
0.907967968	0.051225539
0.907967968	0.23315878
0.909059059	0.050754048
0.909059059	0.233624655
0.91015015	0.050285179
0.91015015	0.234087214
0.911241241	0.049818871
0.911241241	0.234546509
0.912332332	0.049355063
0.912332332	0.23500259
0.913423423	0.048893696
0.913423423	0.235455505
0.914514515	0.04843471
0.914514515	0.235905303
0.915605606	0.047978049
0.915605606	0.236352031
0.916696697	0.047523655
0.916696697	0.236795733
0.917787788	0.047071471
0.917787788	0.237236454
0.918878879	0.046621443
0.918878879	0.237674237
0.91996997	0.046173516
0.91996997	0.238109125
0.921061061	0.045727634
0.921061061	0.238541158
0.922152152	0.045283745
0.922152152	0.238970377
0.923243243	0.044841795
0.923243243	0.23939682
0.924334334	0.044401731
0.924334334	0.239820527
0.925425425	0.043963501
0.925425425	0.240241534
0.926516517	0.043527052
0.926516517	0.240659878
0.927607608	0.043092332
0.927607608	0.241075595
0.928698699	0.042659291
0.928698699	0.24148872
0.92978979	0.042227875
0.92978979	0.241899287
0.930880881	0.041798034
0.930880881	0.242307329
0.931971972	0.041369716
0.931971972	0.242712879
0.933063063	0.040942871
0.933063063	0.243115969
0.934154154	0.040517445
0.934154154	0.24351663
0.935245245	0.040093388
0.935245245	0.243914893
0.936336336	0.039670648
0.936336336	0.244310788
0.937427427	0.039249172
0.937427427	0.244704344
0.938518519	0.038828909
0.938518519	0.24509559
0.93960961	0.038409805
0.93960961	0.245484555
0.940700701	0.037991808
0.940700701	0.245871265
0.941791792	0.037574863
0.941791792	0.246255747
0.942882883	0.037158915
0.942882883	0.246638029
0.943973974	0.03674391
0.943973974	0.247018137
0.945065065	0.036329792
0.945065065	0.247396095
0.946156156	0.035916504
0.946156156	0.247771928
0.947247247	0.035503988
0.947247247	0.248145662
0.948338338	0.035092185
0.948338338	0.24851732
0.949429429	0.034681035
0.949429429	0.248886926
0.950520521	0.034270476
0.950520521	0.249254503
0.951611612	0.033860446
0.951611612	0.249620073
0.952702703	0.033450879
0.952702703	0.249983659
0.953793794	0.03304171
0.953793794	0.250345283
0.954884885	0.032632871
0.954884885	0.250704966
0.955975976	0.03222429
0.955975976	0.251062729
0.957067067	0.031815896
0.957067067	0.251418593
0.958158158	0.031407612
0.958158158	0.251772579
0.959249249	0.030999362
0.959249249	0.252124705
0.96034034	0.030591064
0.96034034	0.252474993
0.961431431	0.030182633
0.961431431	0.252823461
0.962522523	0.029773983
0.962522523	0.253170128
0.963613614	0.029365022
0.963613614	0.253515012
0.964704705	0.028955652
0.964704705	0.253858133
0.965795796	0.028545774
0.965795796	0.254199508
0.966886887	0.028135282
0.966886887	0.254539154
0.967977978	0.027724064
0.967977978	0.25487709
0.969069069	0.027312001
0.969069069	0.255213332
0.97016016	0.026898969
0.97016016	0.255547896
0.971251251	0.026484835
0.971251251	0.255880801
0.972342342	0.026069459
0.972342342	0.256212061
0.973433433	0.025652688
0.973433433	0.256541694
0.974524525	0.025234362
0.974524525	0.256869714
0.975615616	0.024814308
0.975615616	0.257196137
0.976706707	0.024392339
0.976706707	0.257520979
0.977797798	0.023968254
0.977797798	0.257844255
0.978888889	0.023541834
0.978888889	0.258165978
0.97997998	0.023112841
0.97997998	0.258486165
0.981071071	0.022681018
0.981071071	0.258804829
0.982162162	0.022246078
0.982162162	0.259121985
0.983253253	0.02180771
0.983253253	0.259437645
0.984344344	0.021365566
0.984344344	0.259751825
0.985435435	0.020919263
0.985435435	0.260064537
0.986526527	0.02046837
0.986526527	0.260375796
0.987617618	0.020012405
0.987617618	0.260685613
0.988708709	0.01955082
0.988708709	0.260994002
0.9897998	0.019082994
0.9897998	0.261300975
0.990890891	0.018608213
0.990890891	0.261606546
0.991981982	0.018125649
0.991981982	0.261910727
0.993073073	0.017634339
0.993073073	0.262213528
0.994164164	0.017133143
0.994164164	0.262514964
0.995255255	0.016620698
0.995255255	0.262815045
0.996346346	0.016095352
0.996346346	0.263113784
0.997437437	0.015555073
0.997437437	0.263411191
0.998528529	0.014997305
0.998528529	0.263707278
0.99961962	0.014418763
0.99961962	0.264002057
1.000710711	0.000234697
1.000710711	0.013815106
1.000710711	0.264295538
1.001801802	0.000622268
1.001801802	0.013180386
1.001801802	0.264587732
1.002892893	0.001050611
1.002892893	0.012506066
1.002892893	0.26487865
1.003983984	0.001532746
1.003983984	0.011779119
1.003983984	0.265168303
1.005075075	0.002090407
1.005075075	0.0109778
1.005075075	0.2654567
1.006166166	0.002765326
1.006166166	0.010060366
1.006166166	0.265743853
1.007257257	0.003661516
1.007257257	0.008922796
1.007257257	0.266029772
1.008348348	0.005401702
1.008348348	0.006942354
1.008348348	0.266314466
1.009439439	0.266597945
1.010530531	0.26688022
1.011621622	0.2671613
1.012712713	0.267441194
1.013803804	0.267719912
1.014894895	0.267997464
1.015985986	0.268273857
1.017077077	0.268549102
1.018168168	0.268823208
1.019259259	0.269096182
1.02035035	0.269368034
1.021441441	0.269638773
1.022532533	0.269908407
1.023623624	0.270176945
1.024714715	0.270444394
1.025805806	0.270710763
1.026896897	0.27097606
1.027987988	0.271240293
1.029079079	0.27150347
1.03017017	0.271765599
1.031261261	0.272026688
1.032352352	0.272286743
1.033443443	0.272545773
1.034534535	0.272803786
1.035625626	0.273060788
1.036716717	0.273316786
1.037807808	0.273571789
1.038898899	0.273825803
1.03998999	0.274078835
1.041081081	0.274330892
1.042172172	0.274581981
1.043263263	0.274832109
1.044354354	0.275081283
1.045445445	0.275329509
1.046536537	0.275576793
1.047627628	0.275823143
1.048718719	0.276068565
1.04980981	0.276313064
1.050900901	0.276556648
1.051991992	0.276799323
1.053083083	0.277041095
1.054174174	0.277281969
1.055265265	0.277521953
1.056356356	0.277761051
1.057447447	0.27799927
1.058538539	0.278236616
1.05962963	0.278473094
1.060720721	0.27870871
1.061811812	0.278943471
1.062902903	0.27917738
1.063993994	0.279410445
1.065085085	0.27964267
1.066176176	0.279874061
1.067267267	0.280104624
1.068358358	0.280334363
1.069449449	0.280563284
1.070540541	0.280791392
1.071631632	0.281018692
1.072722723	0.28124519
1.073813814	0.28147089
1.074904905	0.281695797
1.075995996	0.281919917
1.077087087	0.282143255
1.078178178	0.282365815
1.079269269	0.282587601
1.08036036	0.28280862
1.081451451	0.283028875
1.082542543	0.283248372
1.083633634	0.283467114
1.084724725	0.283685107
1.085815816	0.283902355
1.086906907	0.284118862
1.087997998	0.284334634
1.089089089	0.284549674
1.09018018	0.284763986
1.091271271	0.284977576
1.092362362	0.285190448
1.093453453	0.285402605
1.094544545	0.285614052
1.095635636	0.285824793
1.096726727	0.286034833
1.097817818	0.286244175
1.098908909	0.286452823
1.1	0.286660782
