t y0 y1 y2 y3 y4 y5 y6 y7 y8 y9
0.0 0.0001 0.0001 0.0001 0.0001 0.0001 0.0001 0.0001 0.0001 0.0001 0.0001
0.1502 0.0001 0.0001 0.0001 0.0001 0.0001 0.0001 0.0001 0.0001 0.0001 0.0001
0.3003 0.0001 0.0001 0.0001 0.0001 0.0001 0.0001 0.0001 0.0001 0.0001 0.0001
0.4505 0.0001 0.0001 0.0001 0.0001 0.0001 0.0001 0.0001 0.0001 0.0001 0.0001
0.6006 0.0001 0.0001 0.0001 0.0001 0.0001 0.0001 0.0001 0.0001 0.0001 0.0001
0.7508 0.0001 0.0001 0.0001 0.0001 0.0001 0.0001 0.0001 0.0001 0.0001 0.0001
0.9009 0.0001 0.0001 0.0001 0.0001 0.0001 0.0001 0.0001 0.0001 0.0001 0.0001
1.0511 0.0001 0.0001 0.0001 0.0001 0.0001 0.0001 0.0001 0.0001 0.0001 0.0001
1.2012 0.0001 0.0001 0.0001 0.0001 0.0001 0.0001 0.0001 0.0001 0.0001 0.0001
1.3514 0.0001 0.0001 0.0001 0.0001 0.0001 0.0001 0.0001 0.0001 0.0001 0.0001
1.5015 0.0001 0.0001 0.0001 0.0001 0.0001 0.0001 0.0001 0.0001 0.0001 0.0001
1.6517 0.0001 0.0001 0.0001 0.0001 0.0001 0.0001 0.0001 0.0001 0.0001 0.0001
1.8018 0.0001 0.0001 0.0001 0.0001 0.0001 0.0001 0.0001 0.0001 0.0001 0.0001
1.952 0.0001 0.0001 0.0001 0.0001 0.0001 0.0001 0.0001 0.0001 0.0001 0.0001
2.1021 0.0001 0.0001 0.0001 0.0001 0.0001 0.0001 0.0001 0.0001 0.0001 0.0001
2.2523 0.0001 0.0001 0.0001 0.0001 0.0001 0.0001 0.0001 0.0001 0.0001 0.0001
2.4024 0.0001 0.0001 0.0001 0.0001 0.0001 0.0001 0.0001 0.0001 0.0001 0.0001
2.5526 0.0001 0.0001 0.0001 0.0001 0.0001 0.0001 0.0001 0.0001 0.0001 0.0001
2.7027 0.0002 0.0002 0.0002 0.0002 0.0002 0.0002 0.0002 0.0002 0.0002 0.0002
2.8529 0.0002 0.0002 0.0002 0.0002 0.0002 0.0002 0.0002 0.0002 0.0002 0.0002
3.003 0.0002 0.0002 0.0002 0.0002 0.0002 0.0002 0.0002 0.0002 0.0002 0.0002
3.1532 0.0002 0.0002 0.0002 0.0002 0.0002 0.0002 0.0002 0.0002 0.0002 0.0002
3.3033 0.0002 0.0002 0.0002 0.0002 0.0002 0.0002 0.0002 0.0002 0.0002 0.0002
3.4535 0.0002 0.0002 0.0002 0.0002 0.0002 0.0002 0.0002 0.0002 0.0002 0.0002
3.6036 0.0002 0.0002 0.0002 0.0002 0.0002 0.0002 0.0002 0.0002 0.0002 0.0002
3.7538 0.0002 0.0002 0.0002 0.0002 0.0002 0.0002 0.0002 0.0002 0.0002 0.0002
3.9039 0.0002 0.0002 0.0002 0.0002 0.0002 0.0002 0.0002 0.0002 0.0002 0.0002
4.0541 0.0002 0.0002 0.0002 0.0002 0.0002 0.0002 0.0002 0.0002 0.0002 0.0002
4.2042 0.0002 0.0002 0.0002 0.0002 0.0002 0.0002 0.0002 0.0002 0.0002 0.0002
4.3544 0.0002 0.0002 0.0002 0.0002 0.0002 0.0002 0.0002 0.0002 0.0002 0.0002
4.5045 0.0002 0.0002 0.0002 0.0002 0.0002 0.0002 0.0002 0.0002 0.0002 0.0002
4.6547 0.0002 0.0002 0.0002 0.0002 0.0002 0.0002 0.0002 0.0002 0.0002 0.0002
4.8048 0.0002 0.0002 0.0002 0.0002 0.0002 0.0002 0.0002 0.0002 0.0002 0.0002
4.955 0.0002 0.0002 0.0002 0.0002 0.0002 0.0002 0.0002 0.0002 0.0002 0.0002
5.1051 0.0002 0.0002 0.0002 0.0002 0.0002 0.0002 0.0002 0.0002 0.0002 0.0002
5.2553 0.0002 0.0002 0.0002 0.0002 0.0002 0.0002 0.0002 0.0002 0.0002 0.0002
5.4054 0.0002 0.0002 0.0002 0.0002 0.0002 0.0002 0.0002 0.0002 0.0002 0.0002
5.5556 0.0002 0.0002 0.0002 0.0002 0.0002 0.0002 0.0002 0.0002 0.0002 0.0002
5.7057 0.0002 0.0002 0.0002 0.0002 0.0002 0.0002 0.0002 0.0002 0.0002 0.0002
5.8559 0.0002 0.0002 0.0002 0.0002 0.0002 0.0002 0.0002 0.0002 0.0002 0.0002
6.006 0.0003 0.0003 0.0003 0.0003 0.0003 0.0003 0.0003 0.0003 0.0003 0.0003
6.1562 0.0003 0.0003 0.0003 0.0003 0.0003 0.0003 0.0003 0.0003 0.0003 0.0003
6.3063 0.0003 0.0003 0.0003 0.0003 0.0003 0.0003 0.0003 0.0003 0.0003 0.0003
6.4565 0.0003 0.0003 0.0003 0.0003 0.0003 0.0003 0.0003 0.0003 0.0003 0.0003
6.6066 0.0003 0.0003 0.0003 0.0003 0.0003 0.0003 0.0003 0.0003 0.0003 0.0003
6.7568 0.0003 0.0003 0.0003 0.0003 0.0003 0.0003 0.0003 0.0003 0.0003 0.0003
6.9069 0.0003 0.0003 0.0003 0.0003 0.0003 0.0003 0.0003 0.0003 0.0003 0.0003
7.0571 0.0003 0.0003 0.0003 0.0003 0.0003 0.0003 0.0003 0.0003 0.0003 0.0003
7.2072 0.0003 0.0003 0.0003 0.0003 0.0003 0.0003 0.0003 0.0003 0.0003 0.0003
7.3574 0.0003 0.0003 0.0003 0.0003 0.0003 0.0003 0.0003 0.0003 0.0003 0.0003
7.5075 0.0003 0.0003 0.0003 0.0003 0.0003 0.0003 0.0003 0.0003 0.0003 0.0003
7.6577 0.0003 0.0003 0.0003 0.0003 0.0003 0.0003 0.0003 0.0003 0.0003 0.0003
7.8078 0.0003 0.0003 0.0003 0.0003 0.0003 0.0003 0.0003 0.0003 0.0003 0.0003
7.958 0.0003 0.0003 0.0003 0.0003 0.0003 0.0003 0.0003 0.0003 0.0003 0.0003
8.1081 0.0003 0.0003 0.0003 0.0003 0.0003 0.0003 0.0003 0.0003 0.0003 0.0003
8.2583 0.0004 0.0004 0.0004 0.0004 0.0004 0.0004 0.0004 0.0004 0.0004 0.0004
8.4084 0.0004 0.0004 0.0004 0.0004 0.0004 0.0004 0.0004 0.0004 0.0004 0.0004
8.5586 0.0004 0.0004 0.0004 0.0004 0.0004 0.0004 0.0004 0.0004 0.0004 0.0004
8.7087 0.0004 0.0004 0.0004 0.0004 0.0004 0.0004 0.0004 0.0004 0.0004 0.0004
8.8589 0.0004 0.0004 0.0004 0.0004 0.0004 0.0004 0.0004 0.0004 0.0004 0.0004
9.009 0.0004 0.0004 0.0004 0.0004 0.0004 0.0004 0.0004 0.0004 0.0004 0.0004
9.1592 0.0004 0.0004 0.0004 0.0004 0.0004 0.0004 0.0004 0.0004 0.0004 0.0004
9.3093 0.0004 0.0004 0.0004 0.0004 0.0004 0.0004 0.0004 0.0004 0.0004 0.0004
9.4595 0.0004 0.0004 0.0004 0.0004 0.0004 0.0004 0.0004 0.0004 0.0004 0.0004
9.6096 0.0004 0.0004 0.0004 0.0004 0.0004 0.0004 0.0004 0.0004 0.0004 0.0004
9.7598 0.0004 0.0004 0.0004 0.0004 0.0004 0.0004 0.0004 0.0004 0.0004 0.0004
9.9099 0.0005 0.0005 0.0005 0.0005 0.0005 0.0005 0.0005 0.0005 0.0005 0.0005
10.0601 0.0005 0.0005 0.0005 0.0005 0.0005 0.0005 0.0005 0.0005 0.0005 0.0005
10.2102 0.0005 0.0005 0.0005 0.0005 0.0005 0.0005 0.0005 0.0005 0.0005 0.0005
10.3604 0.0005 0.0005 0.0005 0.0005 0.0005 0.0005 0.0005 0.0005 0.0005 0.0005
10.5105 0.0005 0.0005 0.0005 0.0005 0.0005 0.0005 0.0005 0.0005 0.0005 0.0005
10.6607 0.0005 0.0005 0.0005 0.0005 0.0005 0.0005 0.0005 0.0005 0.0005 0.0005
10.8108 0.0005 0.0005 0.0005 0.0005 0.0005 0.0005 0.0005 0.0005 0.0005 0.0005
10.961 0.0005 0.0005 0.0005 0.0005 0.0005 0.0005 0.0005 0.0005 0.0005 0.0005
11.1111 0.0005 0.0005 0.0005 0.0005 0.0005 0.0005 0.0005 0.0005 0.0005 0.0005
11.2613 0.0006 0.0006 0.0006 0.0006 0.0006 0.0006 0.0006 0.0006 0.0006 0.0006
11.4114 0.0006 0.0006 0.0006 0.0006 0.0006 0.0006 0.0006 0.0006 0.0006 0.0006
11.5616 0.0006 0.0006 0.0006 0.0006 0.0006 0.0006 0.0006 0.0006 0.0006 0.0006
11.7117 0.0006 0.0006 0.0006 0.0006 0.0006 0.0006 0.0006 0.0006 0.0006 0.0006
11.8619 0.0006 0.0006 0.0006 0.0006 0.0006 0.0006 0.0006 0.0006 0.0006 0.0006
12.012 0.0006 0.0006 0.0006 0.0006 0.0006 0.0006 0.0006 0.0006 0.0006 0.0006
12.1622 0.0006 0.0006 0.0006 0.0006 0.0006 0.0006 0.0006 0.0006 0.0006 0.0006
12.3123 0.0007 0.0007 0.0007 0.0007 0.0007 0.0007 0.0007 0.0007 0.0007 0.0007
12.4625 0.0007 0.0007 0.0007 0.0007 0.0007 0.0007 0.0007 0.0007 0.0007 0.0007
12.6126 0.0007 0.0007 0.0007 0.0007 0.0007 0.0007 0.0007 0.0007 0.0007 0.0007
12.7628 0.0007 0.0007 0.0007 0.0007 0.0007 0.0007 0.0007 0.0007 0.0007 0.0007
12.9129 0.0007 0.0007 0.0007 0.0007 0.0007 0.0007 0.0007 0.0007 0.0007 0.0007
13.0631 0.0007 0.0007 0.0007 0.0007 0.0007 0.0007 0.0007 0.0007 0.0007 0.0007
13.2132 0.0008 0.0008 0.0008 0.0008 0.0008 0.0008 0.0008 0.0007 0.0007 0.0007
13.3634 0.0008 0.0008 0.0008 0.0008 0.0008 0.0008 0.0008 0.0008 0.0008 0.0008
13.5135 0.0008 0.0008 0.0008 0.0008 0.0008 0.0008 0.0008 0.0008 0.0008 0.0008
13.6637 0.0008 0.0008 0.0008 0.0008 0.0008 0.0008 0.0008 0.0008 0.0008 0.0008
13.8138 0.0008 0.0008 0.0008 0.0008 0.0008 0.0008 0.0008 0.0008 0.0008 0.0008
13.964 0.0008 0.0008 0.0008 0.0008 0.0008 0.0008 0.0008 0.0008 0.0008 0.0008
14.1141 0.0009 0.0009 0.0009 0.0009 0.0009 0.0009 0.0009 0.0009 0.0009 0.0009
14.2643 0.0009 0.0009 0.0009 0.0009 0.0009 0.0009 0.0009 0.0009 0.0009 0.0009
14.4144 0.0009 0.0009 0.0009 0.0009 0.0009 0.0009 0.0009 0.0009 0.0009 0.0009
14.5646 0.0009 0.0009 0.0009 0.0009 0.0009 0.0009 0.0009 0.0009 0.0009 0.0009
14.7147 0.0009 0.0009 0.0009 0.0009 0.0009 0.0009 0.0009 0.0009 0.0009 0.0009
14.8649 0.001 0.001 0.001 0.001 0.001 0.001 0.001 0.001 0.001 0.001
15.015 0.001 0.001 0.001 0.001 0.001 0.001 0.001 0.001 0.001 0.001
15.1652 0.001 0.001 0.001 0.001 0.001 0.001 0.001 0.001 0.001 0.001
15.3153 0.001 0.001 0.001 0.001 0.001 0.001 0.001 0.001 0.001 0.001
15.4655 0.0011 0.0011 0.0011 0.0011 0.0011 0.0011 0.0011 0.0011 0.0011 0.0011
15.6156 0.0011 0.0011 0.0011 0.0011 0.0011 0.0011 0.0011 0.0011 0.0011 0.0011
15.7658 0.0011 0.0011 0.0011 0.0011 0.0011 0.0011 0.0011 0.0011 0.0011 0.0011
15.9159 0.0011 0.0011 0.0011 0.0011 0.0011 0.0011 0.0011 0.0011 0.0011 0.0011
16.0661 0.0012 0.0012 0.0012 0.0012 0.0012 0.0012 0.0012 0.0012 0.0012 0.0012
16.2162 0.0012 0.0012 0.0012 0.0012 0.0012 0.0012 0.0012 0.0012 0.0012 0.0012
16.3664 0.0012 0.0012 0.0012 0.0012 0.0012 0.0012 0.0012 0.0012 0.0012 0.0012
16.5165 0.0012 0.0012 0.0012 0.0012 0.0012 0.0012 0.0012 0.0012 0.0012 0.0012
16.6667 0.0013 0.0013 0.0013 0.0013 0.0013 0.0013 0.0013 0.0013 0.0013 0.0013
16.8168 0.0013 0.0013 0.0013 0.0013 0.0013 0.0013 0.0013 0.0013 0.0013 0.0013
16.967 0.0013 0.0013 0.0013 0.0013 0.0013 0.0013 0.0013 0.0013 0.0013 0.0013
17.1171 0.0014 0.0014 0.0014 0.0014 0.0014 0.0014 0.0014 0.0014 0.0014 0.0014
17.2673 0.0014 0.0014 0.0014 0.0014 0.0014 0.0014 0.0014 0.0014 0.0014 0.0014
17.4174 0.0014 0.0014 0.0014 0.0014 0.0014 0.0014 0.0014 0.0014 0.0014 0.0014
17.5676 0.0015 0.0015 0.0015 0.0015 0.0015 0.0015 0.0015 0.0015 0.0015 0.0015
17.7177 0.0015 0.0015 0.0015 0.0015 0.0015 0.0015 0.0015 0.0015 0.0015 0.0015
17.8679 0.0015 0.0015 0.0015 0.0015 0.0015 0.0015 0.0015 0.0015 0.0015 0.0015
18.018 0.0016 0.0016 0.0016 0.0016 0.0016 0.0016 0.0016 0.0016 0.0016 0.0016
18.1682 0.0016 0.0016 0.0016 0.0016 0.0016 0.0016 0.0016 0.0016 0.0016 0.0016
18.3183 0.0016 0.0016 0.0016 0.0016 0.0016 0.0016 0.0016 0.0016 0.0016 0.0016
18.4685 0.0017 0.0017 0.0017 0.0017 0.0017 0.0017 0.0017 0.0017 0.0017 0.0017
18.6186 0.0017 0.0017 0.0017 0.0017 0.0017 0.0017 0.0017 0.0017 0.0017 0.0017
18.7688 0.0017 0.0017 0.0017 0.0017 0.0017 0.0017 0.0017 0.0017 0.0017 0.0017
18.9189 0.0018 0.0018 0.0018 0.0018 0.0018 0.0018 0.0018 0.0018 0.0018 0.0018
19.0691 0.0018 0.0018 0.0018 0.0018 0.0018 0.0018 0.0018 0.0018 0.0018 0.0018
19.2192 0.0019 0.0019 0.0019 0.0019 0.0019 0.0019 0.0019 0.0019 0.0019 0.0019
19.3694 0.0019 0.0019 0.0019 0.0019 0.0019 0.0019 0.0019 0.0019 0.0019 0.0019
19.5195 0.002 0.002 0.002 0.002 0.002 0.002 0.002 0.0019 0.0019 0.0019
19.6697 0.002 0.002 0.002 0.002 0.002 0.002 0.002 0.002 0.002 0.002
19.8198 0.002 0.002 0.002 0.002 0.002 0.002 0.002 0.002 0.002 0.002
19.97 0.0021 0.0021 0.0021 0.0021 0.0021 0.0021 0.0021 0.0021 0.0021 0.0021
20.1201 0.0021 0.0021 0.0021 0.0021 0.0021 0.0021 0.0021 0.0021 0.0021 0.0021
20.2703 0.0022 0.0022 0.0022 0.0022 0.0022 0.0022 0.0022 0.0022 0.0022 0.0022
20.4204 0.0022 0.0022 0.0022 0.0022 0.0022 0.0022 0.0022 0.0022 0.0022 0.0022
20.5706 0.0023 0.0023 0.0023 0.0023 0.0023 0.0023 0.0023 0.0023 0.0023 0.0023
20.7207 0.0023 0.0023 0.0023 0.0023 0.0023 0.0023 0.0023 0.0023 0.0023 0.0023
20.8709 0.0024 0.0024 0.0024 0.0024 0.0024 0.0024 0.0024 0.0024 0.0024 0.0024
21.021 0.0025 0.0025 0.0025 0.0025 0.0024 0.0024 0.0024 0.0024 0.0024 0.0024
21.1712 0.0025 0.0025 0.0025 0.0025 0.0025 0.0025 0.0025 0.0025 0.0025 0.0025
21.3213 0.0026 0.0026 0.0026 0.0026 0.0026 0.0026 0.0026 0.0026 0.0026 0.0026
21.4715 0.0026 0.0026 0.0026 0.0026 0.0026 0.0026 0.0026 0.0026 0.0026 0.0026
21.6216 0.0027 0.0027 0.0027 0.0027 0.0027 0.0027 0.0027 0.0027 0.0027 0.0027
21.7718 0.0027 0.0027 0.0027 0.0027 0.0027 0.0027 0.0027 0.0027 0.0027 0.0027
21.9219 0.0028 0.0028 0.0028 0.0028 0.0028 0.0028 0.0028 0.0028 0.0028 0.0028
22.0721 0.0029 0.0029 0.0029 0.0029 0.0029 0.0029 0.0029 0.0029 0.0029 0.0029
22.2222 0.0029 0.0029 0.0029 0.0029 0.0029 0.0029 0.0029 0.0029 0.0029 0.0029
22.3724 0.003 0.003 0.003 0.003 0.003 0.003 0.003 0.003 0.003 0.003
22.5225 0.0031 0.0031 0.0031 0.0031 0.0031 0.0031 0.0031 0.0031 0.0031 0.0031
22.6727 0.0031 0.0031 0.0031 0.0031 0.0031 0.0031 0.0031 0.0031 0.0031 0.0031
22.8228 0.0032 0.0032 0.0032 0.0032 0.0032 0.0032 0.0032 0.0032 0.0032 0.0032
22.973 0.0033 0.0033 0.0033 0.0033 0.0033 0.0033 0.0033 0.0033 0.0033 0.0033
23.1231 0.0034 0.0034 0.0034 0.0034 0.0034 0.0034 0.0034 0.0033 0.0033 0.0033
23.2733 0.0034 0.0034 0.0034 0.0034 0.0034 0.0034 0.0034 0.0034 0.0034 0.0034
23.4234 0.0035 0.0035 0.0035 0.0035 0.0035 0.0035 0.0035 0.0035 0.0035 0.0035
23.5736 0.0036 0.0036 0.0036 0.0036 0.0036 0.0036 0.0036 0.0036 0.0036 0.0036
23.7237 0.0037 0.0037 0.0037 0.0037 0.0037 0.0037 0.0037 0.0037 0.0037 0.0037
23.8739 0.0038 0.0038 0.0038 0.0038 0.0038 0.0038 0.0037 0.0037 0.0037 0.0037
24.024 0.0039 0.0039 0.0038 0.0038 0.0038 0.0038 0.0038 0.0038 0.0038 0.0038
24.1742 0.0039 0.0039 0.0039 0.0039 0.0039 0.0039 0.0039 0.0039 0.0039 0.0039
24.3243 0.004 0.004 0.004 0.004 0.004 0.004 0.004 0.004 0.004 0.004
24.4745 0.0041 0.0041 0.0041 0.0041 0.0041 0.0041 0.0041 0.0041 0.0041 0.0041
24.6246 0.0042 0.0042 0.0042 0.0042 0.0042 0.0042 0.0042 0.0042 0.0042 0.0042
24.7748 0.0043 0.0043 0.0043 0.0043 0.0043 0.0043 0.0043 0.0043 0.0043 0.0043
24.9249 0.0044 0.0044 0.0044 0.0044 0.0044 0.0044 0.0044 0.0044 0.0044 0.0044
25.0751 0.0045 0.0045 0.0045 0.0045 0.0045 0.0045 0.0045 0.0045 0.0045 0.0045
25.2252 0.0046 0.0046 0.0046 0.0046 0.0046 0.0046 0.0046 0.0046 0.0046 0.0046
25.3754 0.0047 0.0047 0.0047 0.0047 0.0047 0.0047 0.0047 0.0047 0.0047 0.0047
25.5255 0.0048 0.0048 0.0048 0.0048 0.0048 0.0048 0.0048 0.0048 0.0048 0.0048
25.6757 0.0049 0.0049 0.0049 0.0049 0.0049 0.0049 0.0049 0.0049 0.0049 0.0049
25.8258 0.005 0.005 0.005 0.005 0.005 0.005 0.005 0.005 0.005 0.005
25.976 0.0052 0.0052 0.0051 0.0051 0.0051 0.0051 0.0051 0.0051 0.0051 0.0051
26.1261 0.0053 0.0053 0.0053 0.0053 0.0053 0.0052 0.0052 0.0052 0.0052 0.0052
26.2763 0.0054 0.0054 0.0054 0.0054 0.0054 0.0054 0.0054 0.0053 0.0053 0.0053
26.4264 0.0055 0.0055 0.0055 0.0055 0.0055 0.0055 0.0055 0.0055 0.0055 0.0055
26.5766 0.0056 0.0056 0.0056 0.0056 0.0056 0.0056 0.0056 0.0056 0.0056 0.0056
26.7267 0.0058 0.0058 0.0058 0.0057 0.0057 0.0057 0.0057 0.0057 0.0057 0.0057
26.8769 0.0059 0.0059 0.0059 0.0059 0.0059 0.0059 0.0058 0.0058 0.0058 0.0058
27.027 0.006 0.006 0.006 0.006 0.006 0.006 0.006 0.006 0.006 0.006
27.1772 0.0062 0.0062 0.0062 0.0061 0.0061 0.0061 0.0061 0.0061 0.0061 0.0061
27.3273 0.0063 0.0063 0.0063 0.0063 0.0063 0.0063 0.0062 0.0062 0.0062 0.0062
27.4775 0.0065 0.0064 0.0064 0.0064 0.0064 0.0064 0.0064 0.0064 0.0064 0.0064
27.6276 0.0066 0.0066 0.0066 0.0066 0.0066 0.0065 0.0065 0.0065 0.0065 0.0065
27.7778 0.0067 0.0067 0.0067 0.0067 0.0067 0.0067 0.0067 0.0067 0.0067 0.0066
27.9279 0.0069 0.0069 0.0069 0.0069 0.0068 0.0068 0.0068 0.0068 0.0068 0.0068
28.0781 0.007 0.007 0.007 0.007 0.007 0.007 0.007 0.007 0.0069 0.0069
28.2282 0.0072 0.0072 0.0072 0.0072 0.0072 0.0071 0.0071 0.0071 0.0071 0.0071
28.3784 0.0074 0.0074 0.0073 0.0073 0.0073 0.0073 0.0073 0.0073 0.0073 0.0072
28.5285 0.0075 0.0075 0.0075 0.0075 0.0075 0.0075 0.0074 0.0074 0.0074 0.0074
28.6787 0.0077 0.0077 0.0077 0.0077 0.0076 0.0076 0.0076 0.0076 0.0076 0.0076
28.8288 0.0079 0.0079 0.0078 0.0078 0.0078 0.0078 0.0078 0.0078 0.0077 0.0077
28.979 0.008 0.008 0.008 0.008 0.008 0.008 0.0079 0.0079 0.0079 0.0079
29.1291 0.0082 0.0082 0.0082 0.0082 0.0082 0.0081 0.0081 0.0081 0.0081 0.0081
29.2793 0.0084 0.0084 0.0084 0.0084 0.0083 0.0083 0.0083 0.0083 0.0083 0.0082
29.4294 0.0086 0.0086 0.0086 0.0085 0.0085 0.0085 0.0085 0.0085 0.0084 0.0084
29.5796 0.0088 0.0088 0.0087 0.0087 0.0087 0.0087 0.0087 0.0087 0.0086 0.0086
29.7297 0.009 0.009 0.0089 0.0089 0.0089 0.0089 0.0089 0.0088 0.0088 0.0088
29.8799 0.0092 0.0092 0.0091 0.0091 0.0091 0.0091 0.0091 0.009 0.009 0.009
30.03 0.0094 0.0094 0.0093 0.0093 0.0093 0.0093 0.0093 0.0092 0.0092 0.0092
30.1802 0.0096 0.0096 0.0095 0.0095 0.0095 0.0095 0.0095 0.0094 0.0094 0.0094
30.3303 0.0098 0.0098 0.0098 0.0097 0.0097 0.0097 0.0097 0.0096 0.0096 0.0096
30.4805 0.01 0.01 0.01 0.0099 0.0099 0.0099 0.0099 0.0098 0.0098 0.0098
30.6306 0.0102 0.0102 0.0102 0.0102 0.0101 0.0101 0.0101 0.0101 0.01 0.01
30.7808 0.0105 0.0104 0.0104 0.0104 0.0104 0.0103 0.0103 0.0103 0.0102 0.0102
30.9309 0.0107 0.0107 0.0106 0.0106 0.0106 0.0105 0.0105 0.0105 0.0105 0.0104
31.0811 0.0109 0.0109 0.0109 0.0108 0.0108 0.0108 0.0107 0.0107 0.0107 0.0107
31.2312 0.0112 0.0111 0.0111 0.0111 0.011 0.011 0.011 0.0109 0.0109 0.0109
31.3814 0.0114 0.0114 0.0113 0.0113 0.0113 0.0112 0.0112 0.0112 0.0112 0.0111
31.5315 0.0117 0.0116 0.0116 0.0116 0.0115 0.0115 0.0115 0.0114 0.0114 0.0114
31.6817 0.0119 0.0119 0.0118 0.0118 0.0118 0.0117 0.0117 0.0117 0.0116 0.0116
31.8318 0.0122 0.0121 0.0121 0.0121 0.012 0.012 0.0119 0.0119 0.0119 0.0118
31.982 0.0124 0.0124 0.0124 0.0123 0.0123 0.0122 0.0122 0.0122 0.0121 0.0121
32.1321 0.0127 0.0127 0.0126 0.0126 0.0125 0.0125 0.0125 0.0124 0.0124 0.0123
32.2823 0.013 0.0129 0.0129 0.0129 0.0128 0.0128 0.0127 0.0127 0.0126 0.0126
32.4324 0.0133 0.0132 0.0132 0.0131 0.0131 0.013 0.013 0.013 0.0129 0.0129
32.5826 0.0136 0.0135 0.0135 0.0134 0.0134 0.0133 0.0133 0.0132 0.0132 0.0131
32.7327 0.0138 0.0138 0.0137 0.0137 0.0136 0.0136 0.0136 0.0135 0.0135 0.0134
32.8829 0.0141 0.0141 0.014 0.014 0.0139 0.0139 0.0138 0.0138 0.0137 0.0137
33.033 0.0144 0.0144 0.0143 0.0143 0.0142 0.0142 0.0141 0.0141 0.014 0.014
33.1832 0.0148 0.0147 0.0146 0.0146 0.0145 0.0145 0.0144 0.0144 0.0143 0.0143
33.3333 0.0151 0.015 0.015 0.0149 0.0148 0.0148 0.0147 0.0147 0.0146 0.0146
33.4835 0.0154 0.0153 0.0153 0.0152 0.0152 0.0151 0.015 0.015 0.0149 0.0149
33.6336 0.0157 0.0157 0.0156 0.0155 0.0155 0.0154 0.0153 0.0153 0.0152 0.0152
33.7838 0.0161 0.016 0.0159 0.0159 0.0158 0.0157 0.0157 0.0156 0.0155 0.0155
33.9339 0.0164 0.0163 0.0163 0.0162 0.0161 0.0161 0.016 0.0159 0.0159 0.0158
34.0841 0.0167 0.0167 0.0166 0.0165 0.0165 0.0164 0.0163 0.0163 0.0162 0.0161
34.2342 0.0171 0.017 0.017 0.0169 0.0168 0.0167 0.0167 0.0166 0.0165 0.0164
34.3844 0.0175 0.0174 0.0173 0.0172 0.0172 0.0171 0.017 0.0169 0.0169 0.0168
34.5345 0.0178 0.0177 0.0177 0.0176 0.0175 0.0174 0.0174 0.0173 0.0172 0.0171
34.6847 0.0182 0.0181 0.018 0.018 0.0179 0.0178 0.0177 0.0176 0.0175 0.0175
34.8348 0.0186 0.0185 0.0184 0.0183 0.0182 0.0182 0.0181 0.018 0.0179 0.0178
34.985 0.019 0.0189 0.0188 0.0187 0.0186 0.0185 0.0184 0.0183 0.0183 0.0182
35.1351 0.0194 0.0193 0.0192 0.0191 0.019 0.0189 0.0188 0.0187 0.0186 0.0185
35.2853 0.0198 0.0197 0.0196 0.0195 0.0194 0.0193 0.0192 0.0191 0.019 0.0189
35.4354 0.0202 0.0201 0.02 0.0199 0.0198 0.0197 0.0196 0.0195 0.0194 0.0193
35.5856 0.0206 0.0205 0.0204 0.0203 0.0202 0.0201 0.02 0.0199 0.0198 0.0197
35.7357 0.021 0.0209 0.0208 0.0207 0.0206 0.0205 0.0204 0.0203 0.0202 0.02
35.8859 0.0215 0.0213 0.0212 0.0211 0.021 0.0209 0.0208 0.0207 0.0206 0.0204
36.036 0.0219 0.0218 0.0217 0.0215 0.0214 0.0213 0.0212 0.0211 0.021 0.0208
36.1862 0.0224 0.0222 0.0221 0.022 0.0218 0.0217 0.0216 0.0215 0.0214 0.0212
36.3363 0.0228 0.0227 0.0225 0.0224 0.0223 0.0222 0.022 0.0219 0.0218 0.0217
36.4865 0.0233 0.0231 0.023 0.0229 0.0227 0.0226 0.0225 0.0223 0.0222 0.0221
36.6366 0.0237 0.0236 0.0235 0.0233 0.0232 0.023 0.0229 0.0228 0.0226 0.0225
36.7868 0.0242 0.0241 0.0239 0.0238 0.0236 0.0235 0.0233 0.0232 0.0231 0.0229
36.9369 0.0247 0.0246 0.0244 0.0242 0.0241 0.0239 0.0238 0.0237 0.0235 0.0234
37.0871 0.0252 0.025 0.0249 0.0247 0.0246 0.0244 0.0243 0.0241 0.024 0.0238
37.2372 0.0257 0.0255 0.0254 0.0252 0.025 0.0249 0.0247 0.0246 0.0244 0.0243
37.3874 0.0262 0.0261 0.0259 0.0257 0.0255 0.0254 0.0252 0.025 0.0249 0.0247
37.5375 0.0268 0.0266 0.0264 0.0262 0.026 0.0259 0.0257 0.0255 0.0253 0.0252
37.6877 0.0273 0.0271 0.0269 0.0267 0.0265 0.0264 0.0262 0.026 0.0258 0.0257
37.8378 0.0278 0.0276 0.0274 0.0272 0.027 0.0269 0.0267 0.0265 0.0263 0.0261
37.988 0.0284 0.0282 0.028 0.0278 0.0276 0.0274 0.0272 0.027 0.0268 0.0266
38.1381 0.0289 0.0287 0.0285 0.0283 0.0281 0.0279 0.0277 0.0275 0.0273 0.0271
38.2883 0.0295 0.0293 0.029 0.0288 0.0286 0.0284 0.0282 0.028 0.0278 0.0276
38.4384 0.0301 0.0298 0.0296 0.0294 0.0292 0.0289 0.0287 0.0285 0.0283 0.0281
38.5886 0.0307 0.0304 0.0302 0.0299 0.0297 0.0295 0.0293 0.029 0.0288 0.0286
38.7387 0.0312 0.031 0.0307 0.0305 0.0303 0.03 0.0298 0.0296 0.0293 0.0291
38.8889 0.0318 0.0316 0.0313 0.0311 0.0308 0.0306 0.0303 0.0301 0.0299 0.0296
39.039 0.0325 0.0322 0.0319 0.0316 0.0314 0.0311 0.0309 0.0306 0.0304 0.0302
39.1892 0.0331 0.0328 0.0325 0.0322 0.032 0.0317 0.0314 0.0312 0.0309 0.0307
39.3393 0.0337 0.0334 0.0331 0.0328 0.0325 0.0323 0.032 0.0317 0.0315 0.0312
39.4895 0.0343 0.034 0.0337 0.0334 0.0331 0.0329 0.0326 0.0323 0.032 0.0318
39.6396 0.035 0.0347 0.0343 0.034 0.0337 0.0334 0.0332 0.0329 0.0326 0.0323
39.7898 0.0356 0.0353 0.035 0.0347 0.0343 0.034 0.0337 0.0335 0.0332 0.0329
39.9399 0.0363 0.0359 0.0356 0.0353 0.035 0.0346 0.0343 0.034 0.0337 0.0335
40.0901 0.037 0.0366 0.0363 0.0359 0.0356 0.0353 0.0349 0.0346 0.0343 0.034
40.2402 0.0376 0.0373 0.0369 0.0366 0.0362 0.0359 0.0355 0.0352 0.0349 0.0346
40.3904 0.0383 0.0379 0.0376 0.0372 0.0369 0.0365 0.0362 0.0358 0.0355 0.0352
40.5405 0.039 0.0386 0.0382 0.0379 0.0375 0.0371 0.0368 0.0364 0.0361 0.0358
40.6907 0.0397 0.0393 0.0389 0.0385 0.0381 0.0378 0.0374 0.0371 0.0367 0.0364
40.8408 0.0404 0.04 0.0396 0.0392 0.0388 0.0384 0.038 0.0377 0.0373 0.037
40.991 0.0412 0.0407 0.0403 0.0399 0.0395 0.0391 0.0387 0.0383 0.0379 0.0376
41.1411 0.0419 0.0414 0.041 0.0406 0.0401 0.0397 0.0393 0.0389 0.0385 0.0382
41.2913 0.0426 0.0422 0.0417 0.0413 0.0408 0.0404 0.04 0.0396 0.0392 0.0388
41.4414 0.0434 0.0429 0.0424 0.0419 0.0415 0.0411 0.0406 0.0402 0.0398 0.0394
41.5916 0.0441 0.0436 0.0431 0.0427 0.0422 0.0417 0.0413 0.0409 0.0404 0.04
41.7417 0.0449 0.0444 0.0439 0.0434 0.0429 0.0424 0.042 0.0415 0.0411 0.0406
41.8919 0.0457 0.0451 0.0446 0.0441 0.0436 0.0431 0.0426 0.0422 0.0417 0.0413
42.042 0.0464 0.0459 0.0453 0.0448 0.0443 0.0438 0.0433 0.0428 0.0424 0.0419
42.1922 0.0472 0.0467 0.0461 0.0455 0.045 0.0445 0.044 0.0435 0.043 0.0426
42.3423 0.048 0.0474 0.0468 0.0463 0.0457 0.0452 0.0447 0.0442 0.0437 0.0432
42.4925 0.0488 0.0482 0.0476 0.047 0.0465 0.0459 0.0454 0.0448 0.0443 0.0438
42.6426 0.0496 0.049 0.0484 0.0478 0.0472 0.0466 0.0461 0.0455 0.045 0.0445
42.7928 0.0504 0.0498 0.0491 0.0485 0.0479 0.0473 0.0468 0.0462 0.0457 0.0451
42.9429 0.0513 0.0506 0.0499 0.0493 0.0487 0.048 0.0475 0.0469 0.0463 0.0458
43.0931 0.0521 0.0514 0.0507 0.05 0.0494 0.0488 0.0482 0.0476 0.047 0.0465
43.2432 0.0529 0.0522 0.0515 0.0508 0.0501 0.0495 0.0489 0.0483 0.0477 0.0471
43.3934 0.0538 0.053 0.0523 0.0516 0.0509 0.0502 0.0496 0.049 0.0484 0.0478
43.5435 0.0546 0.0538 0.0531 0.0524 0.0517 0.051 0.0503 0.0497 0.0491 0.0485
43.6937 0.0555 0.0547 0.0539 0.0531 0.0524 0.0517 0.051 0.0504 0.0497 0.0491
43.8438 0.0563 0.0555 0.0547 0.0539 0.0532 0.0525 0.0518 0.0511 0.0504 0.0498
43.994 0.0572 0.0563 0.0555 0.0547 0.0539 0.0532 0.0525 0.0518 0.0511 0.0505
44.1441 0.058 0.0572 0.0563 0.0555 0.0547 0.0539 0.0532 0.0525 0.0518 0.0511
44.2943 0.0589 0.058 0.0571 0.0563 0.0555 0.0547 0.0539 0.0532 0.0525 0.0518
44.4444 0.0598 0.0588 0.0579 0.0571 0.0563 0.0554 0.0547 0.0539 0.0532 0.0525
44.5946 0.0606 0.0597 0.0588 0.0579 0.057 0.0562 0.0554 0.0546 0.0539 0.0532
44.7447 0.0615 0.0605 0.0596 0.0587 0.0578 0.0569 0.0561 0.0553 0.0546 0.0538
44.8949 0.0624 0.0614 0.0604 0.0595 0.0586 0.0577 0.0569 0.056 0.0553 0.0545
45.045 0.0633 0.0622 0.0612 0.0603 0.0594 0.0585 0.0576 0.0568 0.056 0.0552
45.1952 0.0642 0.0631 0.0621 0.0611 0.0601 0.0592 0.0583 0.0575 0.0566 0.0559
45.3453 0.0651 0.064 0.0629 0.0619 0.0609 0.06 0.0591 0.0582 0.0573 0.0565
45.4955 0.0659 0.0648 0.0637 0.0627 0.0617 0.0607 0.0598 0.0589 0.058 0.0572
45.6456 0.0668 0.0657 0.0646 0.0635 0.0625 0.0615 0.0605 0.0596 0.0587 0.0579
45.7958 0.0677 0.0665 0.0654 0.0643 0.0632 0.0622 0.0612 0.0603 0.0594 0.0585
45.9459 0.0686 0.0674 0.0662 0.0651 0.064 0.063 0.062 0.061 0.0601 0.0592
46.0961 0.0695 0.0682 0.067 0.0659 0.0648 0.0637 0.0627 0.0617 0.0608 0.0598
46.2462 0.0704 0.0691 0.0679 0.0667 0.0655 0.0645 0.0634 0.0624 0.0614 0.0605
46.3964 0.0713 0.0699 0.0687 0.0675 0.0663 0.0652 0.0641 0.0631 0.0621 0.0612
46.5465 0.0721 0.0708 0.0695 0.0683 0.0671 0.0659 0.0648 0.0638 0.0628 0.0618
46.6967 0.073 0.0716 0.0703 0.069 0.0678 0.0667 0.0656 0.0645 0.0634 0.0625
46.8468 0.0739 0.0725 0.0711 0.0698 0.0686 0.0674 0.0663 0.0652 0.0641 0.0631
46.997 0.0748 0.0733 0.0719 0.0706 0.0693 0.0681 0.067 0.0658 0.0648 0.0637
47.1471 0.0756 0.0741 0.0727 0.0714 0.0701 0.0688 0.0677 0.0665 0.0654 0.0644
47.2973 0.0765 0.075 0.0735 0.0721 0.0708 0.0696 0.0683 0.0672 0.0661 0.065
47.4474 0.0773 0.0758 0.0743 0.0729 0.0715 0.0703 0.069 0.0678 0.0667 0.0656
47.5976 0.0782 0.0766 0.0751 0.0736 0.0723 0.071 0.0697 0.0685 0.0673 0.0662
47.7477 0.079 0.0774 0.0759 0.0744 0.073 0.0717 0.0704 0.0691 0.068 0.0668
47.8979 0.0799 0.0782 0.0766 0.0751 0.0737 0.0723 0.071 0.0698 0.0686 0.0674
48.048 0.0807 0.079 0.0774 0.0759 0.0744 0.073 0.0717 0.0704 0.0692 0.068
48.1982 0.0815 0.0798 0.0781 0.0766 0.0751 0.0737 0.0723 0.071 0.0698 0.0686
48.3483 0.0823 0.0806 0.0789 0.0773 0.0758 0.0744 0.073 0.0717 0.0704 0.0692
48.4985 0.0831 0.0813 0.0796 0.078 0.0765 0.075 0.0736 0.0723 0.071 0.0698
48.6486 0.0839 0.0821 0.0804 0.0787 0.0771 0.0757 0.0742 0.0729 0.0716 0.0703
48.7988 0.0847 0.0828 0.0811 0.0794 0.0778 0.0763 0.0748 0.0735 0.0721 0.0709
48.9489 0.0854 0.0836 0.0818 0.0801 0.0785 0.0769 0.0754 0.074 0.0727 0.0714
49.0991 0.0862 0.0843 0.0825 0.0807 0.0791 0.0775 0.076 0.0746 0.0733 0.072
49.2492 0.0869 0.085 0.0831 0.0814 0.0797 0.0781 0.0766 0.0752 0.0738 0.0725
49.3994 0.0877 0.0857 0.0838 0.082 0.0803 0.0787 0.0772 0.0757 0.0743 0.073
49.5495 0.0884 0.0864 0.0845 0.0827 0.0809 0.0793 0.0778 0.0763 0.0749 0.0735
49.6997 0.0891 0.087 0.0851 0.0833 0.0815 0.0799 0.0783 0.0768 0.0754 0.074
49.8498 0.0898 0.0877 0.0857 0.0839 0.0821 0.0804 0.0788 0.0773 0.0759 0.0745
50.0 0.0904 0.0883 0.0863 0.0845 0.0827 0.081 0.0794 0.0778 0.0763 0.0749
50.1502 0.0911 0.089 0.0869 0.085 0.0832 0.0815 0.0799 0.0783 0.0768 0.0754
50.3003 0.0917 0.0896 0.0875 0.0856 0.0838 0.082 0.0804 0.0788 0.0773 0.0758
50.4505 0.0924 0.0902 0.0881 0.0861 0.0843 0.0825 0.0809 0.0793 0.0777 0.0763
50.6006 0.093 0.0907 0.0886 0.0867 0.0848 0.083 0.0813 0.0797 0.0782 0.0767
50.7508 0.0935 0.0913 0.0892 0.0872 0.0853 0.0835 0.0818 0.0802 0.0786 0.0771
50.9009 0.0941 0.0918 0.0897 0.0877 0.0858 0.0839 0.0822 0.0806 0.079 0.0775
51.0511 0.0947 0.0924 0.0902 0.0882 0.0862 0.0844 0.0826 0.081 0.0794 0.0779
51.2012 0.0952 0.0929 0.0907 0.0886 0.0867 0.0848 0.0831 0.0814 0.0798 0.0783
51.3514 0.0957 0.0934 0.0911 0.0891 0.0871 0.0852 0.0835 0.0818 0.0802 0.0786
51.5015 0.0962 0.0938 0.0916 0.0895 0.0875 0.0856 0.0838 0.0821 0.0805 0.079
51.6517 0.0966 0.0943 0.092 0.0899 0.0879 0.086 0.0842 0.0825 0.0809 0.0793
51.8018 0.0971 0.0947 0.0924 0.0903 0.0883 0.0864 0.0846 0.0828 0.0812 0.0796
51.952 0.0975 0.0951 0.0928 0.0907 0.0886 0.0867 0.0849 0.0832 0.0815 0.0799
52.1021 0.0979 0.0955 0.0932 0.091 0.089 0.0871 0.0852 0.0835 0.0818 0.0802
52.2523 0.0983 0.0959 0.0935 0.0914 0.0893 0.0874 0.0855 0.0838 0.0821 0.0805
52.4024 0.0987 0.0962 0.0939 0.0917 0.0896 0.0877 0.0858 0.084 0.0824 0.0808
52.5526 0.099 0.0965 0.0942 0.092 0.0899 0.0879 0.0861 0.0843 0.0826 0.081
52.7027 0.0993 0.0968 0.0945 0.0923 0.0902 0.0882 0.0863 0.0846 0.0829 0.0812
52.8529 0.0996 0.0971 0.0947 0.0925 0.0904 0.0885 0.0866 0.0848 0.0831 0.0815
53.003 0.0999 0.0974 0.095 0.0928 0.0907 0.0887 0.0868 0.085 0.0833 0.0817
53.1532 0.1001 0.0976 0.0952 0.093 0.0909 0.0889 0.087 0.0852 0.0835 0.0818
53.3033 0.1003 0.0978 0.0954 0.0932 0.0911 0.0891 0.0872 0.0854 0.0837 0.082
53.4535 0.1005 0.098 0.0956 0.0934 0.0913 0.0893 0.0873 0.0855 0.0838 0.0822
53.6036 0.1007 0.0982 0.0958 0.0935 0.0914 0.0894 0.0875 0.0857 0.084 0.0823
53.7538 0.1008 0.0983 0.0959 0.0937 0.0916 0.0895 0.0876 0.0858 0.0841 0.0824
53.9039 0.101 0.0984 0.0961 0.0938 0.0917 0.0897 0.0878 0.0859 0.0842 0.0826
54.0541 0.1011 0.0985 0.0962 0.0939 0.0918 0.0898 0.0879 0.086 0.0843 0.0827
54.2042 0.1011 0.0986 0.0962 0.094 0.0919 0.0898 0.0879 0.0861 0.0844 0.0827
54.3544 0.1012 0.0987 0.0963 0.094 0.0919 0.0899 0.088 0.0862 0.0845 0.0828
54.5045 0.1012 0.0987 0.0963 0.0941 0.092 0.09 0.0881 0.0862 0.0845 0.0829
54.6547 0.1012 0.0987 0.0963 0.0941 0.092 0.09 0.0881 0.0863 0.0845 0.0829
54.8048 0.1012 0.0987 0.0963 0.0941 0.092 0.09 0.0881 0.0863 0.0846 0.0829
54.955 0.1012 0.0987 0.0963 0.0941 0.092 0.09 0.0881 0.0863 0.0846 0.0829
55.1051 0.1011 0.0986 0.0963 0.094 0.0919 0.09 0.0881 0.0863 0.0846 0.0829
55.2553 0.101 0.0985 0.0962 0.094 0.0919 0.0899 0.088 0.0862 0.0845 0.0829
55.4054 0.1009 0.0984 0.0961 0.0939 0.0918 0.0899 0.088 0.0862 0.0845 0.0829
55.5556 0.1008 0.0983 0.096 0.0938 0.0917 0.0898 0.0879 0.0861 0.0844 0.0828
55.7057 0.1006 0.0982 0.0959 0.0937 0.0916 0.0897 0.0878 0.0861 0.0844 0.0828
55.8559 0.1004 0.098 0.0957 0.0936 0.0915 0.0896 0.0877 0.086 0.0843 0.0827
56.006 0.1002 0.0978 0.0955 0.0934 0.0914 0.0894 0.0876 0.0859 0.0842 0.0826
56.1562 0.1 0.0976 0.0954 0.0932 0.0912 0.0893 0.0875 0.0857 0.0841 0.0825
56.3063 0.0997 0.0974 0.0951 0.093 0.091 0.0891 0.0873 0.0856 0.0839 0.0824
56.4565 0.0995 0.0971 0.0949 0.0928 0.0908 0.089 0.0872 0.0854 0.0838 0.0822
56.6066 0.0992 0.0969 0.0947 0.0926 0.0906 0.0888 0.087 0.0853 0.0836 0.0821
56.7568 0.0988 0.0966 0.0944 0.0924 0.0904 0.0885 0.0868 0.0851 0.0835 0.0819
56.9069 0.0985 0.0963 0.0941 0.0921 0.0902 0.0883 0.0866 0.0849 0.0833 0.0818
57.0571 0.0982 0.0959 0.0938 0.0918 0.0899 0.0881 0.0863 0.0847 0.0831 0.0816
57.2072 0.0978 0.0956 0.0935 0.0915 0.0896 0.0878 0.0861 0.0845 0.0829 0.0814
57.3574 0.0974 0.0952 0.0932 0.0912 0.0893 0.0875 0.0858 0.0842 0.0827 0.0812
57.5075 0.097 0.0948 0.0928 0.0909 0.089 0.0873 0.0856 0.084 0.0824 0.0809
57.6577 0.0966 0.0944 0.0924 0.0905 0.0887 0.087 0.0853 0.0837 0.0822 0.0807
57.8078 0.0961 0.094 0.092 0.0902 0.0884 0.0866 0.085 0.0834 0.0819 0.0805
57.958 0.0956 0.0936 0.0916 0.0898 0.088 0.0863 0.0847 0.0831 0.0816 0.0802
58.1081 0.0952 0.0931 0.0912 0.0894 0.0876 0.086 0.0844 0.0828 0.0813 0.0799
58.2583 0.0947 0.0927 0.0908 0.089 0.0873 0.0856 0.084 0.0825 0.081 0.0796
58.4084 0.0941 0.0922 0.0903 0.0886 0.0869 0.0852 0.0837 0.0822 0.0807 0.0793
58.5586 0.0936 0.0917 0.0899 0.0881 0.0865 0.0849 0.0833 0.0818 0.0804 0.079
58.7087 0.0931 0.0912 0.0894 0.0877 0.086 0.0845 0.0829 0.0815 0.0801 0.0787
58.8589 0.0925 0.0907 0.0889 0.0872 0.0856 0.0841 0.0826 0.0811 0.0797 0.0784
59.009 0.0919 0.0901 0.0884 0.0868 0.0852 0.0836 0.0822 0.0808 0.0794 0.0781
59.1592 0.0913 0.0896 0.0879 0.0863 0.0847 0.0832 0.0818 0.0804 0.079 0.0777
59.3093 0.0907 0.089 0.0874 0.0858 0.0842 0.0828 0.0813 0.08 0.0787 0.0774
59.4595 0.0901 0.0884 0.0868 0.0853 0.0838 0.0823 0.0809 0.0796 0.0783 0.077
59.6096 0.0895 0.0879 0.0863 0.0848 0.0833 0.0819 0.0805 0.0792 0.0779 0.0766
59.7598 0.0889 0.0873 0.0857 0.0842 0.0828 0.0814 0.08 0.0787 0.0775 0.0763
59.9099 0.0882 0.0867 0.0851 0.0837 0.0823 0.0809 0.0796 0.0783 0.0771 0.0759
60.0601 0.0876 0.086 0.0846 0.0831 0.0818 0.0804 0.0791 0.0779 0.0767 0.0755
60.2102 0.0869 0.0854 0.084 0.0826 0.0812 0.0799 0.0786 0.0774 0.0762 0.0751
60.3604 0.0862 0.0848 0.0834 0.082 0.0807 0.0794 0.0782 0.077 0.0758 0.0747
60.5105 0.0855 0.0841 0.0828 0.0814 0.0801 0.0789 0.0777 0.0765 0.0754 0.0742
60.6607 0.0848 0.0835 0.0821 0.0808 0.0796 0.0784 0.0772 0.076 0.0749 0.0738
60.8108 0.0841 0.0828 0.0815 0.0803 0.079 0.0778 0.0767 0.0755 0.0744 0.0734
60.961 0.0834 0.0821 0.0809 0.0797 0.0785 0.0773 0.0762 0.0751 0.074 0.0729
61.1111 0.0827 0.0814 0.0802 0.079 0.0779 0.0768 0.0756 0.0746 0.0735 0.0725
61.2613 0.082 0.0808 0.0796 0.0784 0.0773 0.0762 0.0751 0.0741 0.073 0.072
61.4114 0.0812 0.0801 0.0789 0.0778 0.0767 0.0756 0.0746 0.0736 0.0726 0.0716
61.5616 0.0805 0.0794 0.0783 0.0772 0.0761 0.0751 0.074 0.073 0.0721 0.0711
61.7117 0.0797 0.0787 0.0776 0.0766 0.0755 0.0745 0.0735 0.0725 0.0716 0.0706
61.8619 0.079 0.078 0.0769 0.0759 0.0749 0.0739 0.073 0.072 0.0711 0.0702
62.012 0.0782 0.0772 0.0763 0.0753 0.0743 0.0733 0.0724 0.0715 0.0706 0.0697
62.1622 0.0775 0.0765 0.0756 0.0746 0.0737 0.0728 0.0718 0.0709 0.0701 0.0692
62.3123 0.0767 0.0758 0.0749 0.074 0.0731 0.0722 0.0713 0.0704 0.0695 0.0687
62.4625 0.0759 0.0751 0.0742 0.0733 0.0724 0.0716 0.0707 0.0699 0.069 0.0682
62.6126 0.0752 0.0743 0.0735 0.0727 0.0718 0.071 0.0701 0.0693 0.0685 0.0677
62.7628 0.0744 0.0736 0.0728 0.072 0.0712 0.0704 0.0696 0.0688 0.068 0.0672
62.9129 0.0736 0.0729 0.0721 0.0713 0.0705 0.0698 0.069 0.0682 0.0674 0.0667
63.0631 0.0729 0.0721 0.0714 0.0707 0.0699 0.0692 0.0684 0.0677 0.0669 0.0662
63.2132 0.0721 0.0714 0.0707 0.07 0.0693 0.0685 0.0678 0.0671 0.0664 0.0657
63.3634 0.0713 0.0707 0.07 0.0693 0.0686 0.0679 0.0672 0.0665 0.0658 0.0652
63.5135 0.0705 0.0699 0.0693 0.0686 0.068 0.0673 0.0666 0.066 0.0653 0.0646
63.6637 0.0698 0.0692 0.0686 0.068 0.0673 0.0667 0.0661 0.0654 0.0648 0.0641
63.8138 0.069 0.0684 0.0679 0.0673 0.0667 0.0661 0.0655 0.0648 0.0642 0.0636
63.964 0.0682 0.0677 0.0672 0.0666 0.066 0.0655 0.0649 0.0643 0.0637 0.0631
64.1141 0.0674 0.067 0.0665 0.0659 0.0654 0.0648 0.0643 0.0637 0.0631 0.0625
64.2643 0.0666 0.0662 0.0657 0.0653 0.0647 0.0642 0.0637 0.0631 0.0626 0.062
64.4144 0.0659 0.0655 0.065 0.0646 0.0641 0.0636 0.0631 0.0625 0.062 0.0615
64.5646 0.0651 0.0647 0.0643 0.0639 0.0634 0.063 0.0625 0.062 0.0615 0.0609
64.7147 0.0643 0.064 0.0636 0.0632 0.0628 0.0623 0.0619 0.0614 0.0609 0.0604
64.8649 0.0636 0.0633 0.0629 0.0625 0.0621 0.0617 0.0613 0.0608 0.0603 0.0599
65.015 0.0628 0.0625 0.0622 0.0619 0.0615 0.0611 0.0607 0.0602 0.0598 0.0593
65.1652 0.062 0.0618 0.0615 0.0612 0.0608 0.0605 0.0601 0.0597 0.0592 0.0588
65.3153 0.0613 0.0611 0.0608 0.0605 0.0602 0.0598 0.0595 0.0591 0.0587 0.0583
65.4655 0.0605 0.0603 0.0601 0.0598 0.0595 0.0592 0.0589 0.0585 0.0581 0.0577
65.6156 0.0598 0.0596 0.0594 0.0592 0.0589 0.0586 0.0583 0.0579 0.0576 0.0572
65.7658 0.059 0.0589 0.0587 0.0585 0.0582 0.058 0.0577 0.0573 0.057 0.0567
65.9159 0.0583 0.0582 0.058 0.0578 0.0576 0.0574 0.0571 0.0568 0.0565 0.0561
66.0661 0.0575 0.0574 0.0573 0.0572 0.057 0.0567 0.0565 0.0562 0.0559 0.0556
66.2162 0.0568 0.0567 0.0566 0.0565 0.0563 0.0561 0.0559 0.0556 0.0553 0.055
66.3664 0.056 0.056 0.056 0.0558 0.0557 0.0555 0.0553 0.055 0.0548 0.0545
66.5165 0.0553 0.0553 0.0553 0.0552 0.0551 0.0549 0.0547 0.0545 0.0542 0.054
66.6667 0.0546 0.0546 0.0546 0.0545 0.0544 0.0543 0.0541 0.0539 0.0537 0.0534
66.8168 0.0539 0.0539 0.0539 0.0539 0.0538 0.0537 0.0535 0.0533 0.0531 0.0529
66.967 0.0531 0.0532 0.0533 0.0532 0.0532 0.0531 0.0529 0.0528 0.0526 0.0524
67.1171 0.0524 0.0525 0.0526 0.0526 0.0525 0.0525 0.0524 0.0522 0.052 0.0518
67.2673 0.0517 0.0519 0.0519 0.0519 0.0519 0.0519 0.0518 0.0516 0.0515 0.0513
67.4174 0.051 0.0512 0.0513 0.0513 0.0513 0.0513 0.0512 0.0511 0.051 0.0508
67.5676 0.0503 0.0505 0.0506 0.0507 0.0507 0.0507 0.0506 0.0505 0.0504 0.0503
67.7177 0.0496 0.0498 0.05 0.05 0.0501 0.0501 0.05 0.05 0.0499 0.0497
67.8679 0.049 0.0492 0.0493 0.0494 0.0495 0.0495 0.0495 0.0494 0.0493 0.0492
68.018 0.0483 0.0485 0.0487 0.0488 0.0489 0.0489 0.0489 0.0489 0.0488 0.0487
68.1682 0.0476 0.0479 0.048 0.0482 0.0483 0.0483 0.0483 0.0483 0.0483 0.0482
68.3183 0.0469 0.0472 0.0474 0.0476 0.0477 0.0477 0.0478 0.0478 0.0477 0.0477
68.4685 0.0463 0.0466 0.0468 0.047 0.0471 0.0472 0.0472 0.0472 0.0472 0.0472
68.6186 0.0456 0.0459 0.0462 0.0464 0.0465 0.0466 0.0467 0.0467 0.0467 0.0467
68.7688 0.045 0.0453 0.0456 0.0458 0.0459 0.046 0.0461 0.0462 0.0462 0.0461
68.9189 0.0443 0.0447 0.0449 0.0452 0.0453 0.0455 0.0456 0.0456 0.0456 0.0456
69.0691 0.0437 0.044 0.0443 0.0446 0.0448 0.0449 0.045 0.0451 0.0451 0.0451
69.2192 0.0431 0.0434 0.0437 0.044 0.0442 0.0444 0.0445 0.0446 0.0446 0.0446
69.3694 0.0424 0.0428 0.0431 0.0434 0.0436 0.0438 0.0439 0.044 0.0441 0.0441
69.5195 0.0418 0.0422 0.0425 0.0428 0.0431 0.0433 0.0434 0.0435 0.0436 0.0436
69.6697 0.0412 0.0416 0.042 0.0423 0.0425 0.0427 0.0429 0.043 0.0431 0.0432
69.8198 0.0406 0.041 0.0414 0.0417 0.042 0.0422 0.0423 0.0425 0.0426 0.0427
69.97 0.04 0.0404 0.0408 0.0411 0.0414 0.0416 0.0418 0.042 0.0421 0.0422
70.1201 0.0394 0.0399 0.0402 0.0406 0.0409 0.0411 0.0413 0.0415 0.0416 0.0417
70.2703 0.0388 0.0393 0.0397 0.04 0.0403 0.0406 0.0408 0.041 0.0411 0.0412
70.4204 0.0383 0.0387 0.0391 0.0395 0.0398 0.0401 0.0403 0.0405 0.0406 0.0407
70.5706 0.0377 0.0382 0.0386 0.0389 0.0393 0.0395 0.0398 0.04 0.0401 0.0403
70.7207 0.0371 0.0376 0.038 0.0384 0.0387 0.039 0.0393 0.0395 0.0397 0.0398
70.8709 0.0366 0.0371 0.0375 0.0379 0.0382 0.0385 0.0388 0.039 0.0392 0.0393
71.021 0.036 0.0365 0.037 0.0374 0.0377 0.038 0.0383 0.0385 0.0387 0.0389
71.1712 0.0355 0.036 0.0364 0.0368 0.0372 0.0375 0.0378 0.038 0.0382 0.0384
71.3213 0.0349 0.0354 0.0359 0.0363 0.0367 0.037 0.0373 0.0376 0.0378 0.038
71.4715 0.0344 0.0349 0.0354 0.0358 0.0362 0.0365 0.0368 0.0371 0.0373 0.0375
71.6216 0.0339 0.0344 0.0349 0.0353 0.0357 0.036 0.0364 0.0366 0.0369 0.0371
71.7718 0.0333 0.0339 0.0344 0.0348 0.0352 0.0356 0.0359 0.0362 0.0364 0.0366
71.9219 0.0328 0.0334 0.0339 0.0343 0.0347 0.0351 0.0354 0.0357 0.036 0.0362
72.0721 0.0323 0.0329 0.0334 0.0338 0.0342 0.0346 0.035 0.0352 0.0355 0.0357
72.2222 0.0318 0.0324 0.0329 0.0334 0.0338 0.0342 0.0345 0.0348 0.0351 0.0353
72.3724 0.0313 0.0319 0.0324 0.0329 0.0333 0.0337 0.034 0.0344 0.0346 0.0349
72.5225 0.0308 0.0314 0.0319 0.0324 0.0328 0.0332 0.0336 0.0339 0.0342 0.0344
72.6727 0.0303 0.0309 0.0315 0.0319 0.0324 0.0328 0.0331 0.0335 0.0338 0.034
72.8228 0.0299 0.0305 0.031 0.0315 0.0319 0.0323 0.0327 0.033 0.0333 0.0336
72.973 0.0294 0.03 0.0305 0.031 0.0315 0.0319 0.0323 0.0326 0.0329 0.0332
73.1231 0.0289 0.0295 0.0301 0.0306 0.031 0.0315 0.0318 0.0322 0.0325 0.0328
73.2733 0.0285 0.0291 0.0296 0.0301 0.0306 0.031 0.0314 0.0318 0.0321 0.0324
73.4234 0.028 0.0286 0.0292 0.0297 0.0302 0.0306 0.031 0.0313 0.0317 0.032
73.5736 0.0276 0.0282 0.0287 0.0293 0.0297 0.0302 0.0306 0.0309 0.0313 0.0316
73.7237 0.0271 0.0277 0.0283 0.0288 0.0293 0.0297 0.0302 0.0305 0.0309 0.0312
73.8739 0.0267 0.0273 0.0279 0.0284 0.0289 0.0293 0.0297 0.0301 0.0305 0.0308
74.024 0.0263 0.0269 0.0275 0.028 0.0285 0.0289 0.0293 0.0297 0.0301 0.0304
74.1742 0.0259 0.0265 0.027 0.0276 0.0281 0.0285 0.0289 0.0293 0.0297 0.03
74.3243 0.0254 0.0261 0.0266 0.0272 0.0277 0.0281 0.0285 0.0289 0.0293 0.0296
74.4745 0.025 0.0257 0.0262 0.0268 0.0273 0.0277 0.0281 0.0285 0.0289 0.0292
74.6246 0.0246 0.0252 0.0258 0.0264 0.0269 0.0273 0.0278 0.0282 0.0285 0.0289
74.7748 0.0242 0.0249 0.0254 0.026 0.0265 0.0269 0.0274 0.0278 0.0282 0.0285
74.9249 0.0238 0.0245 0.025 0.0256 0.0261 0.0266 0.027 0.0274 0.0278 0.0281
75.0751 0.0235 0.0241 0.0247 0.0252 0.0257 0.0262 0.0266 0.027 0.0274 0.0278
75.2252 0.0231 0.0237 0.0243 0.0248 0.0253 0.0258 0.0263 0.0267 0.027 0.0274
75.3754 0.0227 0.0233 0.0239 0.0244 0.025 0.0254 0.0259 0.0263 0.0267 0.027
75.5255 0.0223 0.0229 0.0235 0.0241 0.0246 0.0251 0.0255 0.0259 0.0263 0.0267
75.6757 0.022 0.0226 0.0232 0.0237 0.0242 0.0247 0.0252 0.0256 0.026 0.0263
75.8258 0.0216 0.0222 0.0228 0.0234 0.0239 0.0244 0.0248 0.0252 0.0256 0.026
75.976 0.0212 0.0219 0.0225 0.023 0.0235 0.024 0.0245 0.0249 0.0253 0.0257
76.1261 0.0209 0.0215 0.0221 0.0227 0.0232 0.0237 0.0241 0.0245 0.025 0.0253
76.2763 0.0206 0.0212 0.0218 0.0223 0.0228 0.0233 0.0238 0.0242 0.0246 0.025
76.4264 0.0202 0.0208 0.0214 0.022 0.0225 0.023 0.0234 0.0239 0.0243 0.0247
76.5766 0.0199 0.0205 0.0211 0.0216 0.0222 0.0226 0.0231 0.0235 0.024 0.0243
76.7267 0.0195 0.0202 0.0207 0.0213 0.0218 0.0223 0.0228 0.0232 0.0236 0.024
76.8769 0.0192 0.0198 0.0204 0.021 0.0215 0.022 0.0225 0.0229 0.0233 0.0237
77.027 0.0189 0.0195 0.0201 0.0207 0.0212 0.0217 0.0221 0.0226 0.023 0.0234
77.1772 0.0186 0.0192 0.0198 0.0203 0.0209 0.0214 0.0218 0.0223 0.0227 0.0231
77.3273 0.0183 0.0189 0.0195 0.02 0.0205 0.021 0.0215 0.0219 0.0224 0.0228
77.4775 0.018 0.0186 0.0192 0.0197 0.0202 0.0207 0.0212 0.0216 0.0221 0.0225
77.6276 0.0177 0.0183 0.0189 0.0194 0.0199 0.0204 0.0209 0.0213 0.0218 0.0222
77.7778 0.0174 0.018 0.0186 0.0191 0.0196 0.0201 0.0206 0.021 0.0215 0.0219
77.9279 0.0171 0.0177 0.0183 0.0188 0.0193 0.0198 0.0203 0.0207 0.0212 0.0216
78.0781 0.0168 0.0174 0.018 0.0185 0.019 0.0195 0.02 0.0204 0.0209 0.0213
78.2282 0.0165 0.0171 0.0177 0.0182 0.0187 0.0192 0.0197 0.0202 0.0206 0.021
78.3784 0.0162 0.0168 0.0174 0.0179 0.0185 0.019 0.0194 0.0199 0.0203 0.0207
78.5285 0.016 0.0166 0.0171 0.0177 0.0182 0.0187 0.0191 0.0196 0.02 0.0204
78.6787 0.0157 0.0163 0.0169 0.0174 0.0179 0.0184 0.0189 0.0193 0.0197 0.0201
78.8288 0.0154 0.016 0.0166 0.0171 0.0176 0.0181 0.0186 0.019 0.0195 0.0199
78.979 0.0152 0.0158 0.0163 0.0169 0.0174 0.0179 0.0183 0.0188 0.0192 0.0196
79.1291 0.0149 0.0155 0.0161 0.0166 0.0171 0.0176 0.0181 0.0185 0.0189 0.0193
79.2793 0.0147 0.0152 0.0158 0.0163 0.0168 0.0173 0.0178 0.0182 0.0187 0.0191
79.4294 0.0144 0.015 0.0155 0.0161 0.0166 0.0171 0.0175 0.018 0.0184 0.0188
79.5796 0.0142 0.0147 0.0153 0.0158 0.0163 0.0168 0.0173 0.0177 0.0181 0.0185
79.7297 0.0139 0.0145 0.015 0.0156 0.0161 0.0166 0.017 0.0175 0.0179 0.0183
79.8799 0.0137 0.0143 0.0148 0.0153 0.0158 0.0163 0.0168 0.0172 0.0176 0.018
80.03 0.0135 0.014 0.0146 0.0151 0.0156 0.0161 0.0165 0.017 0.0174 0.0178
80.1802 0.0132 0.0138 0.0143 0.0148 0.0153 0.0158 0.0163 0.0167 0.0171 0.0175
80.3303 0.013 0.0136 0.0141 0.0146 0.0151 0.0156 0.016 0.0165 0.0169 0.0173
80.4805 0.0128 0.0133 0.0139 0.0144 0.0149 0.0153 0.0158 0.0162 0.0167 0.0171
80.6306 0.0126 0.0131 0.0136 0.0141 0.0146 0.0151 0.0156 0.016 0.0164 0.0168
80.7808 0.0124 0.0129 0.0134 0.0139 0.0144 0.0149 0.0153 0.0158 0.0162 0.0166
80.9309 0.0121 0.0127 0.0132 0.0137 0.0142 0.0147 0.0151 0.0155 0.016 0.0164
81.0811 0.0119 0.0125 0.013 0.0135 0.014 0.0144 0.0149 0.0153 0.0157 0.0161
81.2312 0.0117 0.0123 0.0128 0.0133 0.0137 0.0142 0.0147 0.0151 0.0155 0.0159
81.3814 0.0115 0.0121 0.0126 0.0131 0.0135 0.014 0.0144 0.0149 0.0153 0.0157
81.5315 0.0113 0.0119 0.0124 0.0128 0.0133 0.0138 0.0142 0.0147 0.0151 0.0155
81.6817 0.0111 0.0117 0.0122 0.0126 0.0131 0.0136 0.014 0.0144 0.0149 0.0152
81.8318 0.011 0.0115 0.012 0.0124 0.0129 0.0134 0.0138 0.0142 0.0146 0.015
81.982 0.0108 0.0113 0.0118 0.0122 0.0127 0.0132 0.0136 0.014 0.0144 0.0148
82.1321 0.0106 0.0111 0.0116 0.012 0.0125 0.013 0.0134 0.0138 0.0142 0.0146
82.2823 0.0104 0.0109 0.0114 0.0119 0.0123 0.0128 0.0132 0.0136 0.014 0.0144
82.4324 0.0102 0.0107 0.0112 0.0117 0.0121 0.0126 0.013 0.0134 0.0138 0.0142
82.5826 0.01 0.0105 0.011 0.0115 0.0119 0.0124 0.0128 0.0132 0.0136 0.014
82.7327 0.0099 0.0104 0.0108 0.0113 0.0117 0.0122 0.0126 0.013 0.0134 0.0138
82.8829 0.0097 0.0102 0.0107 0.0111 0.0116 0.012 0.0124 0.0128 0.0132 0.0136
83.033 0.0095 0.01 0.0105 0.0109 0.0114 0.0118 0.0122 0.0126 0.013 0.0134
83.1832 0.0094 0.0098 0.0103 0.0108 0.0112 0.0116 0.012 0.0125 0.0128 0.0132
83.3333 0.0092 0.0097 0.0101 0.0106 0.011 0.0114 0.0119 0.0123 0.0127 0.013
83.4835 0.009 0.0095 0.01 0.0104 0.0108 0.0113 0.0117 0.0121 0.0125 0.0129
83.6336 0.0089 0.0094 0.0098 0.0102 0.0107 0.0111 0.0115 0.0119 0.0123 0.0127
83.7838 0.0087 0.0092 0.0096 0.0101 0.0105 0.0109 0.0113 0.0117 0.0121 0.0125
83.9339 0.0086 0.009 0.0095 0.0099 0.0103 0.0108 0.0112 0.0116 0.0119 0.0123
84.0841 0.0084 0.0089 0.0093 0.0098 0.0102 0.0106 0.011 0.0114 0.0118 0.0121
84.2342 0.0083 0.0087 0.0092 0.0096 0.01 0.0104 0.0108 0.0112 0.0116 0.012
84.3844 0.0081 0.0086 0.009 0.0094 0.0099 0.0103 0.0107 0.0111 0.0114 0.0118
84.5345 0.008 0.0084 0.0089 0.0093 0.0097 0.0101 0.0105 0.0109 0.0113 0.0116
84.6847 0.0079 0.0083 0.0087 0.0091 0.0095 0.0099 0.0103 0.0107 0.0111 0.0115
84.8348 0.0077 0.0082 0.0086 0.009 0.0094 0.0098 0.0102 0.0106 0.0109 0.0113
84.985 0.0076 0.008 0.0084 0.0088 0.0092 0.0096 0.01 0.0104 0.0108 0.0111
85.1351 0.0075 0.0079 0.0083 0.0087 0.0091 0.0095 0.0099 0.0103 0.0106 0.011
85.2853 0.0073 0.0077 0.0082 0.0086 0.009 0.0093 0.0097 0.0101 0.0105 0.0108
85.4354 0.0072 0.0076 0.008 0.0084 0.0088 0.0092 0.0096 0.01 0.0103 0.0107
85.5856 0.0071 0.0075 0.0079 0.0083 0.0087 0.0091 0.0094 0.0098 0.0102 0.0105
85.7357 0.007 0.0074 0.0078 0.0081 0.0085 0.0089 0.0093 0.0097 0.01 0.0104
85.8859 0.0068 0.0072 0.0076 0.008 0.0084 0.0088 0.0091 0.0095 0.0099 0.0102
86.036 0.0067 0.0071 0.0075 0.0079 0.0083 0.0086 0.009 0.0094 0.0097 0.0101
86.1862 0.0066 0.007 0.0074 0.0078 0.0081 0.0085 0.0089 0.0092 0.0096 0.0099
86.3363 0.0065 0.0069 0.0073 0.0076 0.008 0.0084 0.0087 0.0091 0.0094 0.0098
86.4865 0.0064 0.0068 0.0071 0.0075 0.0079 0.0082 0.0086 0.009 0.0093 0.0096
86.6366 0.0063 0.0066 0.007 0.0074 0.0078 0.0081 0.0085 0.0088 0.0092 0.0095
86.7868 0.0062 0.0065 0.0069 0.0073 0.0076 0.008 0.0083 0.0087 0.009 0.0094
86.9369 0.006 0.0064 0.0068 0.0071 0.0075 0.0079 0.0082 0.0086 0.0089 0.0092
87.0871 0.0059 0.0063 0.0067 0.007 0.0074 0.0077 0.0081 0.0084 0.0088 0.0091
87.2372 0.0058 0.0062 0.0066 0.0069 0.0073 0.0076 0.008 0.0083 0.0086 0.009
87.3874 0.0057 0.0061 0.0064 0.0068 0.0072 0.0075 0.0078 0.0082 0.0085 0.0088
87.5375 0.0056 0.006 0.0063 0.0067 0.007 0.0074 0.0077 0.0081 0.0084 0.0087
87.6877 0.0055 0.0059 0.0062 0.0066 0.0069 0.0073 0.0076 0.0079 0.0083 0.0086
87.8378 0.0054 0.0058 0.0061 0.0065 0.0068 0.0072 0.0075 0.0078 0.0081 0.0085
87.988 0.0053 0.0057 0.006 0.0064 0.0067 0.007 0.0074 0.0077 0.008 0.0083
88.1381 0.0053 0.0056 0.0059 0.0063 0.0066 0.0069 0.0073 0.0076 0.0079 0.0082
88.2883 0.0052 0.0055 0.0058 0.0062 0.0065 0.0068 0.0071 0.0075 0.0078 0.0081
88.4384 0.0051 0.0054 0.0057 0.0061 0.0064 0.0067 0.007 0.0074 0.0077 0.008
88.5886 0.005 0.0053 0.0056 0.006 0.0063 0.0066 0.0069 0.0072 0.0076 0.0079
88.7387 0.0049 0.0052 0.0055 0.0059 0.0062 0.0065 0.0068 0.0071 0.0074 0.0077
88.8889 0.0048 0.0051 0.0054 0.0058 0.0061 0.0064 0.0067 0.007 0.0073 0.0076
89.039 0.0047 0.005 0.0054 0.0057 0.006 0.0063 0.0066 0.0069 0.0072 0.0075
89.1892 0.0046 0.005 0.0053 0.0056 0.0059 0.0062 0.0065 0.0068 0.0071 0.0074
89.3393 0.0046 0.0049 0.0052 0.0055 0.0058 0.0061 0.0064 0.0067 0.007 0.0073
89.4895 0.0045 0.0048 0.0051 0.0054 0.0057 0.006 0.0063 0.0066 0.0069 0.0072
89.6396 0.0044 0.0047 0.005 0.0053 0.0056 0.0059 0.0062 0.0065 0.0068 0.0071
89.7898 0.0043 0.0046 0.0049 0.0052 0.0055 0.0058 0.0061 0.0064 0.0067 0.007
89.9399 0.0042 0.0045 0.0048 0.0051 0.0054 0.0057 0.006 0.0063 0.0066 0.0069
90.0901 0.0042 0.0045 0.0048 0.0051 0.0053 0.0056 0.0059 0.0062 0.0065 0.0068
90.2402 0.0041 0.0044 0.0047 0.005 0.0053 0.0055 0.0058 0.0061 0.0064 0.0067
90.3904 0.004 0.0043 0.0046 0.0049 0.0052 0.0055 0.0057 0.006 0.0063 0.0066
90.5405 0.004 0.0042 0.0045 0.0048 0.0051 0.0054 0.0057 0.0059 0.0062 0.0065
90.6907 0.0039 0.0042 0.0044 0.0047 0.005 0.0053 0.0056 0.0058 0.0061 0.0064
90.8408 0.0038 0.0041 0.0044 0.0046 0.0049 0.0052 0.0055 0.0058 0.006 0.0063
90.991 0.0038 0.004 0.0043 0.0046 0.0048 0.0051 0.0054 0.0057 0.0059 0.0062
91.1411 0.0037 0.004 0.0042 0.0045 0.0048 0.005 0.0053 0.0056 0.0059 0.0061
91.2913 0.0036 0.0039 0.0042 0.0044 0.0047 0.005 0.0052 0.0055 0.0058 0.006
91.4414 0.0036 0.0038 0.0041 0.0044 0.0046 0.0049 0.0052 0.0054 0.0057 0.0059
91.5916 0.0035 0.0038 0.004 0.0043 0.0045 0.0048 0.0051 0.0053 0.0056 0.0059
91.7417 0.0034 0.0037 0.0039 0.0042 0.0045 0.0047 0.005 0.0053 0.0055 0.0058
91.8919 0.0034 0.0036 0.0039 0.0041 0.0044 0.0047 0.0049 0.0052 0.0054 0.0057
92.042 0.0033 0.0036 0.0038 0.0041 0.0043 0.0046 0.0048 0.0051 0.0054 0.0056
92.1922 0.0033 0.0035 0.0038 0.004 0.0043 0.0045 0.0048 0.005 0.0053 0.0055
92.3423 0.0032 0.0034 0.0037 0.0039 0.0042 0.0044 0.0047 0.0049 0.0052 0.0054
92.4925 0.0031 0.0034 0.0036 0.0039 0.0041 0.0044 0.0046 0.0049 0.0051 0.0054
92.6426 0.0031 0.0033 0.0036 0.0038 0.0041 0.0043 0.0045 0.0048 0.005 0.0053
92.7928 0.003 0.0033 0.0035 0.0037 0.004 0.0042 0.0045 0.0047 0.005 0.0052
92.9429 0.003 0.0032 0.0034 0.0037 0.0039 0.0042 0.0044 0.0046 0.0049 0.0051
93.0931 0.0029 0.0032 0.0034 0.0036 0.0039 0.0041 0.0043 0.0046 0.0048 0.0051
93.2432 0.0029 0.0031 0.0033 0.0036 0.0038 0.004 0.0043 0.0045 0.0047 0.005
93.3934 0.0028 0.0031 0.0033 0.0035 0.0037 0.004 0.0042 0.0044 0.0047 0.0049
93.5435 0.0028 0.003 0.0032 0.0034 0.0037 0.0039 0.0041 0.0044 0.0046 0.0048
93.6937 0.0027 0.0029 0.0032 0.0034 0.0036 0.0038 0.0041 0.0043 0.0045 0.0048
93.8438 0.0027 0.0029 0.0031 0.0033 0.0036 0.0038 0.004 0.0042 0.0045 0.0047
93.994 0.0026 0.0028 0.0031 0.0033 0.0035 0.0037 0.0039 0.0042 0.0044 0.0046
94.1441 0.0026 0.0028 0.003 0.0032 0.0034 0.0037 0.0039 0.0041 0.0043 0.0046
94.2943 0.0025 0.0027 0.003 0.0032 0.0034 0.0036 0.0038 0.004 0.0043 0.0045
94.4444 0.0025 0.0027 0.0029 0.0031 0.0033 0.0035 0.0038 0.004 0.0042 0.0044
94.5946 0.0025 0.0027 0.0029 0.0031 0.0033 0.0035 0.0037 0.0039 0.0041 0.0044
94.7447 0.0024 0.0026 0.0028 0.003 0.0032 0.0034 0.0037 0.0039 0.0041 0.0043
94.8949 0.0024 0.0026 0.0028 0.003 0.0032 0.0034 0.0036 0.0038 0.004 0.0042
95.045 0.0023 0.0025 0.0027 0.0029 0.0031 0.0033 0.0035 0.0037 0.004 0.0042
95.1952 0.0023 0.0025 0.0027 0.0029 0.0031 0.0033 0.0035 0.0037 0.0039 0.0041
95.3453 0.0022 0.0024 0.0026 0.0028 0.003 0.0032 0.0034 0.0036 0.0038 0.0041
95.4955 0.0022 0.0024 0.0026 0.0028 0.003 0.0032 0.0034 0.0036 0.0038 0.004
95.6456 0.0022 0.0024 0.0025 0.0027 0.0029 0.0031 0.0033 0.0035 0.0037 0.0039
95.7958 0.0021 0.0023 0.0025 0.0027 0.0029 0.0031 0.0033 0.0035 0.0037 0.0039
95.9459 0.0021 0.0023 0.0025 0.0026 0.0028 0.003 0.0032 0.0034 0.0036 0.0038
96.0961 0.0021 0.0022 0.0024 0.0026 0.0028 0.003 0.0032 0.0034 0.0036 0.0038
96.2462 0.002 0.0022 0.0024 0.0026 0.0027 0.0029 0.0031 0.0033 0.0035 0.0037
96.3964 0.002 0.0022 0.0023 0.0025 0.0027 0.0029 0.0031 0.0033 0.0035 0.0037
96.5465 0.0019 0.0021 0.0023 0.0025 0.0027 0.0028 0.003 0.0032 0.0034 0.0036
96.6967 0.0019 0.0021 0.0023 0.0024 0.0026 0.0028 0.003 0.0032 0.0034 0.0035
96.8468 0.0019 0.002 0.0022 0.0024 0.0026 0.0027 0.0029 0.0031 0.0033 0.0035
96.997 0.0018 0.002 0.0022 0.0024 0.0025 0.0027 0.0029 0.0031 0.0033 0.0034
97.1471 0.0018 0.002 0.0021 0.0023 0.0025 0.0027 0.0028 0.003 0.0032 0.0034
97.2973 0.0018 0.0019 0.0021 0.0023 0.0024 0.0026 0.0028 0.003 0.0032 0.0033
97.4474 0.0018 0.0019 0.0021 0.0022 0.0024 0.0026 0.0028 0.0029 0.0031 0.0033
97.5976 0.0017 0.0019 0.002 0.0022 0.0024 0.0025 0.0027 0.0029 0.0031 0.0032
97.7477 0.0017 0.0018 0.002 0.0022 0.0023 0.0025 0.0027 0.0028 0.003 0.0032
97.8979 0.0017 0.0018 0.002 0.0021 0.0023 0.0025 0.0026 0.0028 0.003 0.0031
98.048 0.0016 0.0018 0.0019 0.0021 0.0023 0.0024 0.0026 0.0028 0.0029 0.0031
98.1982 0.0016 0.0018 0.0019 0.0021 0.0022 0.0024 0.0025 0.0027 0.0029 0.0031
98.3483 0.0016 0.0017 0.0019 0.002 0.0022 0.0023 0.0025 0.0027 0.0028 0.003
98.4985 0.0015 0.0017 0.0018 0.002 0.0021 0.0023 0.0025 0.0026 0.0028 0.003
98.6486 0.0015 0.0017 0.0018 0.002 0.0021 0.0023 0.0024 0.0026 0.0028 0.0029
98.7988 0.0015 0.0016 0.0018 0.0019 0.0021 0.0022 0.0024 0.0026 0.0027 0.0029
98.9489 0.0015 0.0016 0.0017 0.0019 0.002 0.0022 0.0024 0.0025 0.0027 0.0028
99.0991 0.0014 0.0016 0.0017 0.0019 0.002 0.0022 0.0023 0.0025 0.0026 0.0028
99.2492 0.0014 0.0016 0.0017 0.0018 0.002 0.0021 0.0023 0.0024 0.0026 0.0028
99.3994 0.0014 0.0015 0.0017 0.0018 0.0019 0.0021 0.0022 0.0024 0.0026 0.0027
99.5495 0.0014 0.0015 0.0016 0.0018 0.0019 0.0021 0.0022 0.0024 0.0025 0.0027
99.6997 0.0013 0.0015 0.0016 0.0017 0.0019 0.002 0.0022 0.0023 0.0025 0.0026
99.8498 0.0013 0.0014 0.0016 0.0017 0.0019 0.002 0.0021 0.0023 0.0024 0.0026
100.0 0.0013 0.0014 0.0016 0.0017 0.0018 0.002 0.0021 0.0023 0.0024 0.0026
100.1502 0.0013 0.0014 0.0015 0.0017 0.0018 0.0019 0.0021 0.0022 0.0024 0.0025
100.3003 0.0013 0.0014 0.0015 0.0016 0.0018 0.0019 0.002 0.0022 0.0023 0.0025
100.4505 0.0012 0.0014 0.0015 0.0016 0.0017 0.0019 0.002 0.0022 0.0023 0.0024
100.6006 0.0012 0.0013 0.0015 0.0016 0.0017 0.0018 0.002 0.0021 0.0023 0.0024
100.7508 0.0012 0.0013 0.0014 0.0016 0.0017 0.0018 0.0019 0.0021 0.0022 0.0024
100.9009 0.0012 0.0013 0.0014 0.0015 0.0017 0.0018 0.0019 0.0021 0.0022 0.0023
101.0511 0.0011 0.0013 0.0014 0.0015 0.0016 0.0018 0.0019 0.002 0.0022 0.0023
101.2012 0.0011 0.0012 0.0014 0.0015 0.0016 0.0017 0.0019 0.002 0.0021 0.0023
101.3514 0.0011 0.0012 0.0013 0.0015 0.0016 0.0017 0.0018 0.002 0.0021 0.0022
101.5015 0.0011 0.0012 0.0013 0.0014 0.0015 0.0017 0.0018 0.0019 0.0021 0.0022
101.6517 0.0011 0.0012 0.0013 0.0014 0.0015 0.0016 0.0018 0.0019 0.002 0.0022
101.8018 0.001 0.0012 0.0013 0.0014 0.0015 0.0016 0.0017 0.0019 0.002 0.0021
101.952 0.001 0.0011 0.0012 0.0014 0.0015 0.0016 0.0017 0.0018 0.002 0.0021
102.1021 0.001 0.0011 0.0012 0.0013 0.0015 0.0016 0.0017 0.0018 0.0019 0.0021
102.2523 0.001 0.0011 0.0012 0.0013 0.0014 0.0015 0.0017 0.0018 0.0019 0.002
102.4024 0.001 0.0011 0.0012 0.0013 0.0014 0.0015 0.0016 0.0018 0.0019 0.002
102.5526 0.001 0.0011 0.0012 0.0013 0.0014 0.0015 0.0016 0.0017 0.0019 0.002
102.7027 0.0009 0.001 0.0011 0.0012 0.0014 0.0015 0.0016 0.0017 0.0018 0.002
102.8529 0.0009 0.001 0.0011 0.0012 0.0013 0.0014 0.0016 0.0017 0.0018 0.0019
103.003 0.0009 0.001 0.0011 0.0012 0.0013 0.0014 0.0015 0.0017 0.0018 0.0019
103.1532 0.0009 0.001 0.0011 0.0012 0.0013 0.0014 0.0015 0.0016 0.0018 0.0019
103.3033 0.0009 0.001 0.0011 0.0012 0.0013 0.0014 0.0015 0.0016 0.0017 0.0018
103.4535 0.0009 0.001 0.0011 0.0011 0.0013 0.0014 0.0015 0.0016 0.0017 0.0018
103.6036 0.0008 0.0009 0.001 0.0011 0.0012 0.0013 0.0014 0.0016 0.0017 0.0018
103.7538 0.0008 0.0009 0.001 0.0011 0.0012 0.0013 0.0014 0.0015 0.0016 0.0018
103.9039 0.0008 0.0009 0.001 0.0011 0.0012 0.0013 0.0014 0.0015 0.0016 0.0017
104.0541 0.0008 0.0009 0.001 0.0011 0.0012 0.0013 0.0014 0.0015 0.0016 0.0017
104.2042 0.0008 0.0009 0.001 0.0011 0.0012 0.0013 0.0014 0.0015 0.0016 0.0017
104.3544 0.0008 0.0009 0.0009 0.001 0.0011 0.0012 0.0013 0.0014 0.0016 0.0017
104.5045 0.0008 0.0008 0.0009 0.001 0.0011 0.0012 0.0013 0.0014 0.0015 0.0016
104.6547 0.0007 0.0008 0.0009 0.001 0.0011 0.0012 0.0013 0.0014 0.0015 0.0016
104.8048 0.0007 0.0008 0.0009 0.001 0.0011 0.0012 0.0013 0.0014 0.0015 0.0016
104.955 0.0007 0.0008 0.0009 0.001 0.0011 0.0012 0.0013 0.0014 0.0015 0.0016
105.1051 0.0007 0.0008 0.0009 0.001 0.001 0.0011 0.0012 0.0013 0.0014 0.0015
105.2553 0.0007 0.0008 0.0009 0.0009 0.001 0.0011 0.0012 0.0013 0.0014 0.0015
105.4054 0.0007 0.0008 0.0008 0.0009 0.001 0.0011 0.0012 0.0013 0.0014 0.0015
105.5556 0.0007 0.0007 0.0008 0.0009 0.001 0.0011 0.0012 0.0013 0.0014 0.0015
105.7057 0.0007 0.0007 0.0008 0.0009 0.001 0.0011 0.0012 0.0013 0.0014 0.0015
105.8559 0.0007 0.0007 0.0008 0.0009 0.001 0.0011 0.0011 0.0012 0.0013 0.0014
106.006 0.0006 0.0007 0.0008 0.0009 0.001 0.001 0.0011 0.0012 0.0013 0.0014
106.1562 0.0006 0.0007 0.0008 0.0009 0.0009 0.001 0.0011 0.0012 0.0013 0.0014
106.3063 0.0006 0.0007 0.0008 0.0008 0.0009 0.001 0.0011 0.0012 0.0013 0.0014
106.4565 0.0006 0.0007 0.0007 0.0008 0.0009 0.001 0.0011 0.0012 0.0013 0.0014
106.6066 0.0006 0.0007 0.0007 0.0008 0.0009 0.001 0.0011 0.0011 0.0012 0.0013
106.7568 0.0006 0.0007 0.0007 0.0008 0.0009 0.001 0.001 0.0011 0.0012 0.0013
106.9069 0.0006 0.0006 0.0007 0.0008 0.0009 0.0009 0.001 0.0011 0.0012 0.0013
107.0571 0.0006 0.0006 0.0007 0.0008 0.0008 0.0009 0.001 0.0011 0.0012 0.0013
107.2072 0.0006 0.0006 0.0007 0.0008 0.0008 0.0009 0.001 0.0011 0.0012 0.0013
107.3574 0.0005 0.0006 0.0007 0.0007 0.0008 0.0009 0.001 0.0011 0.0011 0.0012
107.5075 0.0005 0.0006 0.0007 0.0007 0.0008 0.0009 0.001 0.001 0.0011 0.0012
107.6577 0.0005 0.0006 0.0007 0.0007 0.0008 0.0009 0.0009 0.001 0.0011 0.0012
107.8078 0.0005 0.0006 0.0006 0.0007 0.0008 0.0009 0.0009 0.001 0.0011 0.0012
107.958 0.0005 0.0006 0.0006 0.0007 0.0008 0.0008 0.0009 0.001 0.0011 0.0012
108.1081 0.0005 0.0006 0.0006 0.0007 0.0008 0.0008 0.0009 0.001 0.0011 0.0011
108.2583 0.0005 0.0005 0.0006 0.0007 0.0007 0.0008 0.0009 0.001 0.001 0.0011
108.4084 0.0005 0.0005 0.0006 0.0007 0.0007 0.0008 0.0009 0.001 0.001 0.0011
108.5586 0.0005 0.0005 0.0006 0.0007 0.0007 0.0008 0.0009 0.0009 0.001 0.0011
108.7087 0.0005 0.0005 0.0006 0.0006 0.0007 0.0008 0.0008 0.0009 0.001 0.0011
108.8589 0.0005 0.0005 0.0006 0.0006 0.0007 0.0008 0.0008 0.0009 0.001 0.0011
109.009 0.0004 0.0005 0.0006 0.0006 0.0007 0.0008 0.0008 0.0009 0.001 0.0011
109.1592 0.0004 0.0005 0.0006 0.0006 0.0007 0.0007 0.0008 0.0009 0.001 0.001
109.3093 0.0004 0.0005 0.0005 0.0006 0.0007 0.0007 0.0008 0.0009 0.0009 0.001
109.4595 0.0004 0.0005 0.0005 0.0006 0.0007 0.0007 0.0008 0.0009 0.0009 0.001
109.6096 0.0004 0.0005 0.0005 0.0006 0.0006 0.0007 0.0008 0.0008 0.0009 0.001
109.7598 0.0004 0.0005 0.0005 0.0006 0.0006 0.0007 0.0008 0.0008 0.0009 0.001
109.9099 0.0004 0.0005 0.0005 0.0006 0.0006 0.0007 0.0007 0.0008 0.0009 0.001
110.0601 0.0004 0.0004 0.0005 0.0006 0.0006 0.0007 0.0007 0.0008 0.0009 0.0009
110.2102 0.0004 0.0004 0.0005 0.0005 0.0006 0.0007 0.0007 0.0008 0.0009 0.0009
110.3604 0.0004 0.0004 0.0005 0.0005 0.0006 0.0007 0.0007 0.0008 0.0008 0.0009
110.5105 0.0004 0.0004 0.0005 0.0005 0.0006 0.0006 0.0007 0.0008 0.0008 0.0009
110.6607 0.0004 0.0004 0.0005 0.0005 0.0006 0.0006 0.0007 0.0008 0.0008 0.0009
110.8108 0.0004 0.0004 0.0005 0.0005 0.0006 0.0006 0.0007 0.0007 0.0008 0.0009
110.961 0.0004 0.0004 0.0005 0.0005 0.0006 0.0006 0.0007 0.0007 0.0008 0.0009
111.1111 0.0004 0.0004 0.0004 0.0005 0.0005 0.0006 0.0007 0.0007 0.0008 0.0009
111.2613 0.0003 0.0004 0.0004 0.0005 0.0005 0.0006 0.0007 0.0007 0.0008 0.0008
111.4114 0.0003 0.0004 0.0004 0.0005 0.0005 0.0006 0.0006 0.0007 0.0008 0.0008
111.5616 0.0003 0.0004 0.0004 0.0005 0.0005 0.0006 0.0006 0.0007 0.0008 0.0008
111.7117 0.0003 0.0004 0.0004 0.0005 0.0005 0.0006 0.0006 0.0007 0.0007 0.0008
111.8619 0.0003 0.0004 0.0004 0.0005 0.0005 0.0006 0.0006 0.0007 0.0007 0.0008
112.012 0.0003 0.0004 0.0004 0.0004 0.0005 0.0005 0.0006 0.0007 0.0007 0.0008
112.1622 0.0003 0.0004 0.0004 0.0004 0.0005 0.0005 0.0006 0.0006 0.0007 0.0008
112.3123 0.0003 0.0003 0.0004 0.0004 0.0005 0.0005 0.0006 0.0006 0.0007 0.0008
112.4625 0.0003 0.0003 0.0004 0.0004 0.0005 0.0005 0.0006 0.0006 0.0007 0.0007
112.6126 0.0003 0.0003 0.0004 0.0004 0.0005 0.0005 0.0006 0.0006 0.0007 0.0007
112.7628 0.0003 0.0003 0.0004 0.0004 0.0005 0.0005 0.0006 0.0006 0.0007 0.0007
112.9129 0.0003 0.0003 0.0004 0.0004 0.0005 0.0005 0.0005 0.0006 0.0007 0.0007
113.0631 0.0003 0.0003 0.0004 0.0004 0.0004 0.0005 0.0005 0.0006 0.0006 0.0007
113.2132 0.0003 0.0003 0.0004 0.0004 0.0004 0.0005 0.0005 0.0006 0.0006 0.0007
113.3634 0.0003 0.0003 0.0003 0.0004 0.0004 0.0005 0.0005 0.0006 0.0006 0.0007
113.5135 0.0003 0.0003 0.0003 0.0004 0.0004 0.0005 0.0005 0.0006 0.0006 0.0007
113.6637 0.0003 0.0003 0.0003 0.0004 0.0004 0.0005 0.0005 0.0006 0.0006 0.0007
113.8138 0.0003 0.0003 0.0003 0.0004 0.0004 0.0005 0.0005 0.0005 0.0006 0.0007
113.964 0.0003 0.0003 0.0003 0.0004 0.0004 0.0004 0.0005 0.0005 0.0006 0.0006
114.1141 0.0002 0.0003 0.0003 0.0004 0.0004 0.0004 0.0005 0.0005 0.0006 0.0006
114.2643 0.0002 0.0003 0.0003 0.0003 0.0004 0.0004 0.0005 0.0005 0.0006 0.0006
114.4144 0.0002 0.0003 0.0003 0.0003 0.0004 0.0004 0.0005 0.0005 0.0006 0.0006
114.5646 0.0002 0.0003 0.0003 0.0003 0.0004 0.0004 0.0005 0.0005 0.0006 0.0006
114.7147 0.0002 0.0003 0.0003 0.0003 0.0004 0.0004 0.0005 0.0005 0.0005 0.0006
114.8649 0.0002 0.0003 0.0003 0.0003 0.0004 0.0004 0.0004 0.0005 0.0005 0.0006
115.015 0.0002 0.0003 0.0003 0.0003 0.0004 0.0004 0.0004 0.0005 0.0005 0.0006
115.1652 0.0002 0.0002 0.0003 0.0003 0.0004 0.0004 0.0004 0.0005 0.0005 0.0006
115.3153 0.0002 0.0002 0.0003 0.0003 0.0003 0.0004 0.0004 0.0005 0.0005 0.0006
115.4655 0.0002 0.0002 0.0003 0.0003 0.0003 0.0004 0.0004 0.0005 0.0005 0.0006
115.6156 0.0002 0.0002 0.0003 0.0003 0.0003 0.0004 0.0004 0.0005 0.0005 0.0005
115.7658 0.0002 0.0002 0.0003 0.0003 0.0003 0.0004 0.0004 0.0005 0.0005 0.0005
115.9159 0.0002 0.0002 0.0003 0.0003 0.0003 0.0004 0.0004 0.0004 0.0005 0.0005
116.0661 0.0002 0.0002 0.0003 0.0003 0.0003 0.0004 0.0004 0.0004 0.0005 0.0005
116.2162 0.0002 0.0002 0.0003 0.0003 0.0003 0.0004 0.0004 0.0004 0.0005 0.0005
116.3664 0.0002 0.0002 0.0002 0.0003 0.0003 0.0003 0.0004 0.0004 0.0005 0.0005
116.5165 0.0002 0.0002 0.0002 0.0003 0.0003 0.0003 0.0004 0.0004 0.0005 0.0005
116.6667 0.0002 0.0002 0.0002 0.0003 0.0003 0.0003 0.0004 0.0004 0.0005 0.0005
116.8168 0.0002 0.0002 0.0002 0.0003 0.0003 0.0003 0.0004 0.0004 0.0004 0.0005
116.967 0.0002 0.0002 0.0002 0.0003 0.0003 0.0003 0.0004 0.0004 0.0004 0.0005
117.1171 0.0002 0.0002 0.0002 0.0003 0.0003 0.0003 0.0004 0.0004 0.0004 0.0005
117.2673 0.0002 0.0002 0.0002 0.0003 0.0003 0.0003 0.0003 0.0004 0.0004 0.0005
117.4174 0.0002 0.0002 0.0002 0.0002 0.0003 0.0003 0.0003 0.0004 0.0004 0.0005
117.5676 0.0002 0.0002 0.0002 0.0002 0.0003 0.0003 0.0003 0.0004 0.0004 0.0005
117.7177 0.0002 0.0002 0.0002 0.0002 0.0003 0.0003 0.0003 0.0004 0.0004 0.0004
117.8679 0.0002 0.0002 0.0002 0.0002 0.0003 0.0003 0.0003 0.0004 0.0004 0.0004
118.018 0.0002 0.0002 0.0002 0.0002 0.0003 0.0003 0.0003 0.0004 0.0004 0.0004
118.1682 0.0002 0.0002 0.0002 0.0002 0.0003 0.0003 0.0003 0.0004 0.0004 0.0004
118.3183 0.0002 0.0002 0.0002 0.0002 0.0003 0.0003 0.0003 0.0003 0.0004 0.0004
118.4685 0.0001 0.0002 0.0002 0.0002 0.0002 0.0003 0.0003 0.0003 0.0004 0.0004
118.6186 0.0001 0.0002 0.0002 0.0002 0.0002 0.0003 0.0003 0.0003 0.0004 0.0004
118.7688 0.0001 0.0002 0.0002 0.0002 0.0002 0.0003 0.0003 0.0003 0.0004 0.0004
118.9189 0.0001 0.0002 0.0002 0.0002 0.0002 0.0003 0.0003 0.0003 0.0004 0.0004
119.0691 0.0001 0.0002 0.0002 0.0002 0.0002 0.0003 0.0003 0.0003 0.0004 0.0004
119.2192 0.0001 0.0002 0.0002 0.0002 0.0002 0.0003 0.0003 0.0003 0.0004 0.0004
119.3694 0.0001 0.0002 0.0002 0.0002 0.0002 0.0003 0.0003 0.0003 0.0003 0.0004
119.5195 0.0001 0.0002 0.0002 0.0002 0.0002 0.0002 0.0003 0.0003 0.0003 0.0004
119.6697 0.0001 0.0001 0.0002 0.0002 0.0002 0.0002 0.0003 0.0003 0.0003 0.0004
119.8198 0.0001 0.0001 0.0002 0.0002 0.0002 0.0002 0.0003 0.0003 0.0003 0.0004
119.97 0.0001 0.0001 0.0002 0.0002 0.0002 0.0002 0.0003 0.0003 0.0003 0.0004
120.1201 0.0001 0.0001 0.0002 0.0002 0.0002 0.0002 0.0003 0.0003 0.0003 0.0004
120.2703 0.0001 0.0001 0.0002 0.0002 0.0002 0.0002 0.0003 0.0003 0.0003 0.0003
120.4204 0.0001 0.0001 0.0002 0.0002 0.0002 0.0002 0.0003 0.0003 0.0003 0.0003
120.5706 0.0001 0.0001 0.0002 0.0002 0.0002 0.0002 0.0002 0.0003 0.0003 0.0003
120.7207 0.0001 0.0001 0.0002 0.0002 0.0002 0.0002 0.0002 0.0003 0.0003 0.0003
120.8709 0.0001 0.0001 0.0001 0.0002 0.0002 0.0002 0.0002 0.0003 0.0003 0.0003
121.021 0.0001 0.0001 0.0001 0.0002 0.0002 0.0002 0.0002 0.0003 0.0003 0.0003
121.1712 0.0001 0.0001 0.0001 0.0002 0.0002 0.0002 0.0002 0.0003 0.0003 0.0003
121.3213 0.0001 0.0001 0.0001 0.0002 0.0002 0.0002 0.0002 0.0003 0.0003 0.0003
121.4715 0.0001 0.0001 0.0001 0.0002 0.0002 0.0002 0.0002 0.0003 0.0003 0.0003
121.6216 0.0001 0.0001 0.0001 0.0002 0.0002 0.0002 0.0002 0.0002 0.0003 0.0003
121.7718 0.0001 0.0001 0.0001 0.0002 0.0002 0.0002 0.0002 0.0002 0.0003 0.0003
121.9219 0.0001 0.0001 0.0001 0.0002 0.0002 0.0002 0.0002 0.0002 0.0003 0.0003
122.0721 0.0001 0.0001 0.0001 0.0001 0.0002 0.0002 0.0002 0.0002 0.0003 0.0003
122.2222 0.0001 0.0001 0.0001 0.0001 0.0002 0.0002 0.0002 0.0002 0.0003 0.0003
122.3724 0.0001 0.0001 0.0001 0.0001 0.0002 0.0002 0.0002 0.0002 0.0003 0.0003
122.5225 0.0001 0.0001 0.0001 0.0001 0.0002 0.0002 0.0002 0.0002 0.0003 0.0003
122.6727 0.0001 0.0001 0.0001 0.0001 0.0002 0.0002 0.0002 0.0002 0.0002 0.0003
122.8228 0.0001 0.0001 0.0001 0.0001 0.0002 0.0002 0.0002 0.0002 0.0002 0.0003
122.973 0.0001 0.0001 0.0001 0.0001 0.0002 0.0002 0.0002 0.0002 0.0002 0.0003
123.1231 0.0001 0.0001 0.0001 0.0001 0.0002 0.0002 0.0002 0.0002 0.0002 0.0003
123.2733 0.0001 0.0001 0.0001 0.0001 0.0001 0.0002 0.0002 0.0002 0.0002 0.0003
123.4234 0.0001 0.0001 0.0001 0.0001 0.0001 0.0002 0.0002 0.0002 0.0002 0.0003
123.5736 0.0001 0.0001 0.0001 0.0001 0.0001 0.0002 0.0002 0.0002 0.0002 0.0003
123.7237 0.0001 0.0001 0.0001 0.0001 0.0001 0.0002 0.0002 0.0002 0.0002 0.0002
123.8739 0.0001 0.0001 0.0001 0.0001 0.0001 0.0002 0.0002 0.0002 0.0002 0.0002
124.024 0.0001 0.0001 0.0001 0.0001 0.0001 0.0002 0.0002 0.0002 0.0002 0.0002
124.1742 0.0001 0.0001 0.0001 0.0001 0.0001 0.0002 0.0002 0.0002 0.0002 0.0002
124.3243 0.0001 0.0001 0.0001 0.0001 0.0001 0.0002 0.0002 0.0002 0.0002 0.0002
124.4745 0.0001 0.0001 0.0001 0.0001 0.0001 0.0001 0.0002 0.0002 0.0002 0.0002
124.6246 0.0001 0.0001 0.0001 0.0001 0.0001 0.0001 0.0002 0.0002 0.0002 0.0002
124.7748 0.0001 0.0001 0.0001 0.0001 0.0001 0.0001 0.0002 0.0002 0.0002 0.0002
124.9249 0.0001 0.0001 0.0001 0.0001 0.0001 0.0001 0.0002 0.0002 0.0002 0.0002
125.0751 0.0001 0.0001 0.0001 0.0001 0.0001 0.0001 0.0002 0.0002 0.0002 0.0002
125.2252 0.0001 0.0001 0.0001 0.0001 0.0001 0.0001 0.0002 0.0002 0.0002 0.0002
125.3754 0.0001 0.0001 0.0001 0.0001 0.0001 0.0001 0.0002 0.0002 0.0002 0.0002
125.5255 0.0001 0.0001 0.0001 0.0001 0.0001 0.0001 0.0001 0.0002 0.0002 0.0002
125.6757 0.0001 0.0001 0.0001 0.0001 0.0001 0.0001 0.0001 0.0002 0.0002 0.0002
125.8258 0.0001 0.0001 0.0001 0.0001 0.0001 0.0001 0.0001 0.0002 0.0002 0.0002
125.976 0.0001 0.0001 0.0001 0.0001 0.0001 0.0001 0.0001 0.0002 0.0002 0.0002
126.1261 0.0001 0.0001 0.0001 0.0001 0.0001 0.0001 0.0001 0.0002 0.0002 0.0002
126.2763 0.0001 0.0001 0.0001 0.0001 0.0001 0.0001 0.0001 0.0002 0.0002 0.0002
126.4264 0.0001 0.0001 0.0001 0.0001 0.0001 0.0001 0.0001 0.0002 0.0002 0.0002
126.5766 0.0001 0.0001 0.0001 0.0001 0.0001 0.0001 0.0001 0.0002 0.0002 0.0002
126.7267 0.0001 0.0001 0.0001 0.0001 0.0001 0.0001 0.0001 0.0001 0.0002 0.0002
126.8769 0.0001 0.0001 0.0001 0.0001 0.0001 0.0001 0.0001 0.0001 0.0002 0.0002
127.027 0.0001 0.0001 0.0001 0.0001 0.0001 0.0001 0.0001 0.0001 0.0002 0.0002
127.1772 0.0001 0.0001 0.0001 0.0001 0.0001 0.0001 0.0001 0.0001 0.0002 0.0002
127.3273 0.0001 0.0001 0.0001 0.0001 0.0001 0.0001 0.0001 0.0001 0.0002 0.0002
127.4775 0.0001 0.0001 0.0001 0.0001 0.0001 0.0001 0.0001 0.0001 0.0002 0.0002
127.6276 0.0001 0.0001 0.0001 0.0001 0.0001 0.0001 0.0001 0.0001 0.0002 0.0002
127.7778 0.0001 0.0001 0.0001 0.0001 0.0001 0.0001 0.0001 0.0001 0.0002 0.0002
127.9279 0.0001 0.0001 0.0001 0.0001 0.0001 0.0001 0.0001 0.0001 0.0001 0.0002
128.0781 0.0 0.0001 0.0001 0.0001 0.0001 0.0001 0.0001 0.0001 0.0001 0.0002
128.2282 0.0 0.0001 0.0001 0.0001 0.0001 0.0001 0.0001 0.0001 0.0001 0.0002
128.3784 0.0 0.0001 0.0001 0.0001 0.0001 0.0001 0.0001 0.0001 0.0001 0.0002
128.5285 0.0 0.0001 0.0001 0.0001 0.0001 0.0001 0.0001 0.0001 0.0001 0.0002
128.6787 0.0 0.0001 0.0001 0.0001 0.0001 0.0001 0.0001 0.0001 0.0001 0.0002
128.8288 0.0 0.0001 0.0001 0.0001 0.0001 0.0001 0.0001 0.0001 0.0001 0.0002
128.979 0.0 0.0001 0.0001 0.0001 0.0001 0.0001 0.0001 0.0001 0.0001 0.0001
129.1291 0.0 0.0001 0.0001 0.0001 0.0001 0.0001 0.0001 0.0001 0.0001 0.0001
129.2793 0.0 0.0001 0.0001 0.0001 0.0001 0.0001 0.0001 0.0001 0.0001 0.0001
129.4294 0.0 0.0 0.0001 0.0001 0.0001 0.0001 0.0001 0.0001 0.0001 0.0001
129.5796 0.0 0.0 0.0001 0.0001 0.0001 0.0001 0.0001 0.0001 0.0001 0.0001
129.7297 0.0 0.0 0.0001 0.0001 0.0001 0.0001 0.0001 0.0001 0.0001 0.0001
129.8799 0.0 0.0 0.0001 0.0001 0.0001 0.0001 0.0001 0.0001 0.0001 0.0001
130.03 0.0 0.0 0.0001 0.0001 0.0001 0.0001 0.0001 0.0001 0.0001 0.0001
130.1802 0.0 0.0 0.0001 0.0001 0.0001 0.0001 0.0001 0.0001 0.0001 0.0001
130.3303 0.0 0.0 0.0001 0.0001 0.0001 0.0001 0.0001 0.0001 0.0001 0.0001
130.4805 0.0 0.0 0.0001 0.0001 0.0001 0.0001 0.0001 0.0001 0.0001 0.0001
130.6306 0.0 0.0 0.0001 0.0001 0.0001 0.0001 0.0001 0.0001 0.0001 0.0001
130.7808 0.0 0.0 0.0 0.0001 0.0001 0.0001 0.0001 0.0001 0.0001 0.0001
130.9309 0.0 0.0 0.0 0.0001 0.0001 0.0001 0.0001 0.0001 0.0001 0.0001
131.0811 0.0 0.0 0.0 0.0001 0.0001 0.0001 0.0001 0.0001 0.0001 0.0001
131.2312 0.0 0.0 0.0 0.0001 0.0001 0.0001 0.0001 0.0001 0.0001 0.0001
131.3814 0.0 0.0 0.0 0.0001 0.0001 0.0001 0.0001 0.0001 0.0001 0.0001
131.5315 0.0 0.0 0.0 0.0001 0.0001 0.0001 0.0001 0.0001 0.0001 0.0001
131.6817 0.0 0.0 0.0 0.0001 0.0001 0.0001 0.0001 0.0001 0.0001 0.0001
131.8318 0.0 0.0 0.0 0.0001 0.0001 0.0001 0.0001 0.0001 0.0001 0.0001
131.982 0.0 0.0 0.0 0.0001 0.0001 0.0001 0.0001 0.0001 0.0001 0.0001
132.1321 0.0 0.0 0.0 0.0001 0.0001 0.0001 0.0001 0.0001 0.0001 0.0001
132.2823 0.0 0.0 0.0 0.0 0.0001 0.0001 0.0001 0.0001 0.0001 0.0001
132.4324 0.0 0.0 0.0 0.0 0.0001 0.0001 0.0001 0.0001 0.0001 0.0001
132.5826 0.0 0.0 0.0 0.0 0.0001 0.0001 0.0001 0.0001 0.0001 0.0001
132.7327 0.0 0.0 0.0 0.0 0.0001 0.0001 0.0001 0.0001 0.0001 0.0001
132.8829 0.0 0.0 0.0 0.0 0.0001 0.0001 0.0001 0.0001 0.0001 0.0001
133.033 0.0 0.0 0.0 0.0 0.0001 0.0001 0.0001 0.0001 0.0001 0.0001
133.1832 0.0 0.0 0.0 0.0 0.0001 0.0001 0.0001 0.0001 0.0001 0.0001
133.3333 0.0 0.0 0.0 0.0 0.0001 0.0001 0.0001 0.0001 0.0001 0.0001
133.4835 0.0 0.0 0.0 0.0 0.0001 0.0001 0.0001 0.0001 0.0001 0.0001
133.6336 0.0 0.0 0.0 0.0 0.0 0.0001 0.0001 0.0001 0.0001 0.0001
133.7838 0.0 0.0 0.0 0.0 0.0 0.0001 0.0001 0.0001 0.0001 0.0001
133.9339 0.0 0.0 0.0 0.0 0.0 0.0001 0.0001 0.0001 0.0001 0.0001
134.0841 0.0 0.0 0.0 0.0 0.0 0.0001 0.0001 0.0001 0.0001 0.0001
134.2342 0.0 0.0 0.0 0.0 0.0 0.0001 0.0001 0.0001 0.0001 0.0001
134.3844 0.0 0.0 0.0 0.0 0.0 0.0001 0.0001 0.0001 0.0001 0.0001
134.5345 0.0 0.0 0.0 0.0 0.0 0.0001 0.0001 0.0001 0.0001 0.0001
134.6847 0.0 0.0 0.0 0.0 0.0 0.0001 0.0001 0.0001 0.0001 0.0001
134.8348 0.0 0.0 0.0 0.0 0.0 0.0001 0.0001 0.0001 0.0001 0.0001
134.985 0.0 0.0 0.0 0.0 0.0 0.0 0.0001 0.0001 0.0001 0.0001
135.1351 0.0 0.0 0.0 0.0 0.0 0.0 0.0001 0.0001 0.0001 0.0001
135.2853 0.0 0.0 0.0 0.0 0.0 0.0 0.0001 0.0001 0.0001 0.0001
135.4354 0.0 0.0 0.0 0.0 0.0 0.0 0.0001 0.0001 0.0001 0.0001
135.5856 0.0 0.0 0.0 0.0 0.0 0.0 0.0001 0.0001 0.0001 0.0001
135.7357 0.0 0.0 0.0 0.0 0.0 0.0 0.0001 0.0001 0.0001 0.0001
135.8859 0.0 0.0 0.0 0.0 0.0 0.0 0.0001 0.0001 0.0001 0.0001
136.036 0.0 0.0 0.0 0.0 0.0 0.0 0.0001 0.0001 0.0001 0.0001
136.1862 0.0 0.0 0.0 0.0 0.0 0.0 0.0001 0.0001 0.0001 0.0001
136.3363 0.0 0.0 0.0 0.0 0.0 0.0 0.0 0.0001 0.0001 0.0001
136.4865 0.0 0.0 0.0 0.0 0.0 0.0 0.0 0.0001 0.0001 0.0001
136.6366 0.0 0.0 0.0 0.0 0.0 0.0 0.0 0.0001 0.0001 0.0001
136.7868 0.0 0.0 0.0 0.0 0.0 0.0 0.0 0.0001 0.0001 0.0001
136.9369 0.0 0.0 0.0 0.0 0.0 0.0 0.0 0.0001 0.0001 0.0001
137.0871 0.0 0.0 0.0 0.0 0.0 0.0 0.0 0.0001 0.0001 0.0001
137.2372 0.0 0.0 0.0 0.0 0.0 0.0 0.0 0.0001 0.0001 0.0001
137.3874 0.0 0.0 0.0 0.0 0.0 0.0 0.0 0.0001 0.0001 0.0001
137.5375 0.0 0.0 0.0 0.0 0.0 0.0 0.0 0.0001 0.0001 0.0001
137.6877 0.0 0.0 0.0 0.0 0.0 0.0 0.0 0.0 0.0001 0.0001
137.8378 0.0 0.0 0.0 0.0 0.0 0.0 0.0 0.0 0.0001 0.0001
137.988 0.0 0.0 0.0 0.0 0.0 0.0 0.0 0.0 0.0001 0.0001
138.1381 0.0 0.0 0.0 0.0 0.0 0.0 0.0 0.0 0.0001 0.0001
138.2883 0.0 0.0 0.0 0.0 0.0 0.0 0.0 0.0 0.0001 0.0001
138.4384 0.0 0.0 0.0 0.0 0.0 0.0 0.0 0.0 0.0001 0.0001
138.5886 0.0 0.0 0.0 0.0 0.0 0.0 0.0 0.0 0.0001 0.0001
138.7387 0.0 0.0 0.0 0.0 0.0 0.0 0.0 0.0 0.0001 0.0001
138.8889 0.0 0.0 0.0 0.0 0.0 0.0 0.0 0.0 0.0001 0.0001
139.039 0.0 0.0 0.0 0.0 0.0 0.0 0.0 0.0 0.0 0.0001
139.1892 0.0 0.0 0.0 0.0 0.0 0.0 0.0 0.0 0.0 0.0001
139.3393 0.0 0.0 0.0 0.0 0.0 0.0 0.0 0.0 0.0 0.0001
139.4895 0.0 0.0 0.0 0.0 0.0 0.0 0.0 0.0 0.0 0.0001
139.6396 0.0 0.0 0.0 0.0 0.0 0.0 0.0 0.0 0.0 0.0001
139.7898 0.0 0.0 0.0 0.0 0.0 0.0 0.0 0.0 0.0 0.0001
139.9399 0.0 0.0 0.0 0.0 0.0 0.0 0.0 0.0 0.0 0.0001
140.0901 0.0 0.0 0.0 0.0 0.0 0.0 0.0 0.0 0.0 0.0001
140.2402 0.0 0.0 0.0 0.0 0.0 0.0 0.0 0.0 0.0 0.0001
140.3904 0.0 0.0 0.0 0.0 0.0 0.0 0.0 0.0 0.0 0.0
140.5405 0.0 0.0 0.0 0.0 0.0 0.0 0.0 0.0 0.0 0.0
140.6907 0.0 0.0 0.0 0.0 0.0 0.0 0.0 0.0 0.0 0.0
140.8408 0.0 0.0 0.0 0.0 0.0 0.0 0.0 0.0 0.0 0.0
140.991 0.0 0.0 0.0 0.0 0.0 0.0 0.0 0.0 0.0 0.0
141.1411 0.0 0.0 0.0 0.0 0.0 0.0 0.0 0.0 0.0 0.0
141.2913 0.0 0.0 0.0 0.0 0.0 0.0 0.0 0.0 0.0 0.0
141.4414 0.0 0.0 0.0 0.0 0.0 0.0 0.0 0.0 0.0 0.0
141.5916 0.0 0.0 0.0 0.0 0.0 0.0 0.0 0.0 0.0 0.0
141.7417 0.0 0.0 0.0 0.0 0.0 0.0 0.0 0.0 0.0 0.0
141.8919 0.0 0.0 0.0 0.0 0.0 0.0 0.0 0.0 0.0 0.0
142.042 0.0 0.0 0.0 0.0 0.0 0.0 0.0 0.0 0.0 0.0
142.1922 0.0 0.0 0.0 0.0 0.0 0.0 0.0 0.0 0.0 0.0
142.3423 0.0 0.0 0.0 0.0 0.0 0.0 0.0 0.0 0.0 0.0
142.4925 0.0 0.0 0.0 0.0 0.0 0.0 0.0 0.0 0.0 0.0
142.6426 0.0 0.0 0.0 0.0 0.0 0.0 0.0 0.0 0.0 0.0
142.7928 0.0 0.0 0.0 0.0 0.0 0.0 0.0 0.0 0.0 0.0
142.9429 0.0 0.0 0.0 0.0 0.0 0.0 0.0 0.0 0.0 0.0
143.0931 0.0 0.0 0.0 0.0 0.0 0.0 0.0 0.0 0.0 0.0
143.2432 0.0 0.0 0.0 0.0 0.0 0.0 0.0 0.0 0.0 0.0
143.3934 0.0 0.0 0.0 0.0 0.0 0.0 0.0 0.0 0.0 0.0
143.5435 0.0 0.0 0.0 0.0 0.0 0.0 0.0 0.0 0.0 0.0
143.6937 0.0 0.0 0.0 0.0 0.0 0.0 0.0 0.0 0.0 0.0
143.8438 0.0 0.0 0.0 0.0 0.0 0.0 0.0 0.0 0.0 0.0
143.994 0.0 0.0 0.0 0.0 0.0 0.0 0.0 0.0 0.0 0.0
144.1441 0.0 0.0 0.0 0.0 0.0 0.0 0.0 0.0 0.0 0.0
144.2943 0.0 0.0 0.0 0.0 0.0 0.0 0.0 0.0 0.0 0.0
144.4444 0.0 0.0 0.0 0.0 0.0 0.0 0.0 0.0 0.0 0.0
144.5946 0.0 0.0 0.0 0.0 0.0 0.0 0.0 0.0 0.0 0.0
144.7447 0.0 0.0 0.0 0.0 0.0 0.0 0.0 0.0 0.0 0.0
144.8949 0.0 0.0 0.0 0.0 0.0 0.0 0.0 0.0 0.0 0.0
145.045 0.0 0.0 0.0 0.0 0.0 0.0 0.0 0.0 0.0 0.0
145.1952 0.0 0.0 0.0 0.0 0.0 0.0 0.0 0.0 0.0 0.0
145.3453 0.0 0.0 0.0 0.0 0.0 0.0 0.0 0.0 0.0 0.0
145.4955 0.0 0.0 0.0 0.0 0.0 0.0 0.0 0.0 0.0 0.0
145.6456 0.0 0.0 0.0 0.0 0.0 0.0 0.0 0.0 0.0 0.0
145.7958 0.0 0.0 0.0 0.0 0.0 0.0 0.0 0.0 0.0 0.0
145.9459 0.0 0.0 0.0 0.0 0.0 0.0 0.0 0.0 0.0 0.0
146.0961 0.0 0.0 0.0 0.0 0.0 0.0 0.0 0.0 0.0 0.0
146.2462 0.0 0.0 0.0 0.0 0.0 0.0 0.0 0.0 0.0 0.0
146.3964 0.0 0.0 0.0 0.0 0.0 0.0 0.0 0.0 0.0 0.0
146.5465 0.0 0.0 0.0 0.0 0.0 0.0 0.0 0.0 0.0 0.0
146.6967 0.0 0.0 0.0 0.0 0.0 0.0 0.0 0.0 0.0 0.0
146.8468 0.0 0.0 0.0 0.0 0.0 0.0 0.0 0.0 0.0 0.0
146.997 0.0 0.0 0.0 0.0 0.0 0.0 0.0 0.0 0.0 0.0
147.1471 0.0 0.0 0.0 0.0 0.0 0.0 0.0 0.0 0.0 0.0
147.2973 0.0 0.0 0.0 0.0 0.0 0.0 0.0 0.0 0.0 0.0
147.4474 0.0 0.0 0.0 0.0 0.0 0.0 0.0 0.0 0.0 0.0
147.5976 0.0 0.0 0.0 0.0 0.0 0.0 0.0 0.0 0.0 0.0
147.7477 0.0 0.0 0.0 0.0 0.0 0.0 0.0 0.0 0.0 0.0
147.8979 0.0 0.0 0.0 0.0 0.0 0.0 0.0 0.0 0.0 0.0
148.048 0.0 0.0 0.0 0.0 0.0 0.0 0.0 0.0 0.0 0.0
148.1982 0.0 0.0 0.0 0.0 0.0 0.0 0.0 0.0 0.0 0.0
148.3483 0.0 0.0 0.0 0.0 0.0 0.0 0.0 0.0 0.0 0.0
148.4985 0.0 0.0 0.0 0.0 0.0 0.0 0.0 0.0 0.0 0.0
148.6486 0.0 0.0 0.0 0.0 0.0 0.0 0.0 0.0 0.0 0.0
148.7988 0.0 0.0 0.0 0.0 0.0 0.0 0.0 0.0 0.0 0.0
148.9489 0.0 0.0 0.0 0.0 0.0 0.0 0.0 0.0 0.0 0.0
149.0991 0.0 0.0 0.0 0.0 0.0 0.0 0.0 0.0 0.0 0.0
149.2492 0.0 0.0 0.0 0.0 0.0 0.0 0.0 0.0 0.0 0.0
149.3994 0.0 0.0 0.0 0.0 0.0 0.0 0.0 0.0 0.0 0.0
149.5495 0.0 0.0 0.0 0.0 0.0 0.0 0.0 0.0 0.0 0.0
149.6997 0.0 0.0 0.0 0.0 0.0 0.0 0.0 0.0 0.0 0.0
149.8498 0.0 0.0 0.0 0.0 0.0 0.0 0.0 0.0 0.0 0.0
150.0 0.0 0.0 0.0 0.0 0.0 0.0 0.0 0.0 0.0 0.0
