t y1 y2 y3 y4 y5 y6 y7 y8 y9
0.0 0.0012 0.0024 0.0035 0.0047 0.0058 0.007 0.0081 0.0093 0.0104
2502.5025025025025 0.00128 0.00253 0.00365 0.00485 0.00593 0.00709 0.00814 0.00926 0.01027
5005.005005005005 0.00135 0.00263 0.00375 0.00492 0.00595 0.00704 0.00801 0.00905 0.00998
7507.507507507507 0.00142 0.00271 0.00381 0.00494 0.00593 0.00696 0.00788 0.00886 0.00974
10010.01001001001 0.00149 0.00279 0.00386 0.00495 0.0059 0.00688 0.00777 0.00871 0.00957
12512.512512512512 0.00156 0.00286 0.00391 0.00496 0.00586 0.00682 0.00767 0.0086 0.00945
15015.015015015015 0.00163 0.00292 0.00394 0.00496 0.00583 0.00676 0.0076 0.00852 0.00937
17517.517517517517 0.00169 0.00298 0.00398 0.00496 0.00581 0.00671 0.00754 0.00845 0.00931
20020.02002002002 0.00176 0.00303 0.00401 0.00496 0.00578 0.00666 0.00748 0.00839 0.00926
22522.522522522522 0.00183 0.00309 0.00403 0.00496 0.00576 0.00662 0.00743 0.00834 0.00922
25025.025025025025 0.00189 0.00314 0.00406 0.00495 0.00573 0.00658 0.00738 0.00829 0.00918
27527.527527527527 0.00196 0.00319 0.00409 0.00495 0.00571 0.00654 0.00733 0.00824 0.00914
30030.03003003003 0.00203 0.00324 0.00411 0.00495 0.00569 0.0065 0.00728 0.00819 0.0091
32532.532532532532 0.00209 0.00329 0.00413 0.00495 0.00567 0.00647 0.00724 0.00814 0.00906
35035.035035035035 0.00216 0.00333 0.00416 0.00495 0.00565 0.00643 0.00719 0.0081 0.00903
37537.53753753754 0.00222 0.00338 0.00418 0.00495 0.00563 0.0064 0.00715 0.00805 0.00899
40040.04004004004 0.00229 0.00342 0.0042 0.00495 0.00561 0.00636 0.0071 0.008 0.00895
42542.54254254254 0.00235 0.00346 0.00422 0.00495 0.0056 0.00633 0.00706 0.00796 0.00891
45045.045045045044 0.00242 0.00351 0.00424 0.00495 0.00558 0.0063 0.00702 0.00791 0.00887
47547.54754754755 0.00248 0.00355 0.00426 0.00495 0.00556 0.00626 0.00697 0.00786 0.00883
50050.05005005005 0.00254 0.00359 0.00428 0.00494 0.00554 0.00623 0.00693 0.00781 0.00879
52552.55255255255 0.0026 0.00362 0.0043 0.00494 0.00553 0.0062 0.00689 0.00777 0.00875
55055.055055055054 0.00266 0.00366 0.00431 0.00494 0.00551 0.00617 0.00685 0.00772 0.00871
57557.55755755756 0.00272 0.0037 0.00433 0.00494 0.0055 0.00614 0.00681 0.00767 0.00867
60060.06006006006 0.00278 0.00373 0.00435 0.00494 0.00548 0.00611 0.00677 0.00763 0.00862
62562.56256256256 0.00284 0.00377 0.00436 0.00494 0.00546 0.00608 0.00673 0.00758 0.00858
65065.065065065064 0.00289 0.0038 0.00438 0.00494 0.00545 0.00605 0.00669 0.00753 0.00854
67567.56756756757 0.00295 0.00383 0.0044 0.00494 0.00544 0.00602 0.00665 0.00749 0.00849
70070.07007007007 0.003 0.00386 0.00441 0.00494 0.00542 0.006 0.00661 0.00744 0.00845
72572.57257257256 0.00305 0.00389 0.00443 0.00494 0.00541 0.00597 0.00657 0.0074 0.0084
75075.07507507507 0.00311 0.00392 0.00444 0.00494 0.0054 0.00594 0.00654 0.00735 0.00836
77577.57757757758 0.00316 0.00395 0.00445 0.00494 0.00538 0.00592 0.0065 0.00731 0.00831
80080.08008008008 0.0032 0.00398 0.00447 0.00494 0.00537 0.00589 0.00646 0.00726 0.00827
82582.58258258257 0.00325 0.00401 0.00448 0.00494 0.00536 0.00587 0.00643 0.00722 0.00822
85085.08508508508 0.0033 0.00403 0.00449 0.00493 0.00535 0.00585 0.00639 0.00717 0.00818
87587.5875875876 0.00335 0.00406 0.0045 0.00493 0.00533 0.00582 0.00636 0.00713 0.00813
90090.09009009009 0.00339 0.00408 0.00452 0.00493 0.00532 0.0058 0.00633 0.00708 0.00808
92592.59259259258 0.00343 0.00411 0.00453 0.00493 0.00531 0.00578 0.00629 0.00704 0.00804
95095.0950950951 0.00348 0.00413 0.00454 0.00493 0.0053 0.00575 0.00626 0.007 0.00799
97597.5975975976 0.00352 0.00415 0.00455 0.00493 0.00529 0.00573 0.00623 0.00695 0.00794
100100.1001001001 0.00356 0.00418 0.00456 0.00493 0.00528 0.00571 0.0062 0.00691 0.0079
102602.6026026026 0.0036 0.0042 0.00457 0.00493 0.00527 0.00569 0.00617 0.00687 0.00785
105105.1051051051 0.00363 0.00422 0.00458 0.00493 0.00526 0.00567 0.00614 0.00683 0.0078
107607.60760760761 0.00367 0.00424 0.00459 0.00493 0.00525 0.00565 0.00611 0.00679 0.00776
110110.11011011011 0.00371 0.00426 0.0046 0.00493 0.00524 0.00563 0.00608 0.00675 0.00771
112612.6126126126 0.00374 0.00428 0.00461 0.00493 0.00523 0.00561 0.00605 0.00671 0.00766
115115.11511511511 0.00377 0.00429 0.00462 0.00493 0.00523 0.0056 0.00602 0.00667 0.00762
117617.61761761762 0.00381 0.00431 0.00462 0.00493 0.00522 0.00558 0.00599 0.00663 0.00757
120120.12012012012 0.00384 0.00433 0.00463 0.00493 0.00521 0.00556 0.00597 0.00659 0.00752
122622.62262262261 0.00387 0.00435 0.00464 0.00493 0.0052 0.00554 0.00594 0.00656 0.00748
125125.12512512512 0.0039 0.00436 0.00465 0.00493 0.00519 0.00553 0.00592 0.00652 0.00743
127627.62762762763 0.00393 0.00438 0.00466 0.00493 0.00519 0.00551 0.00589 0.00648 0.00739
130130.13013013013 0.00396 0.00439 0.00466 0.00493 0.00518 0.0055 0.00587 0.00645 0.00734
132632.63263263262 0.00399 0.00441 0.00467 0.00493 0.00517 0.00548 0.00584 0.00641 0.00729
135135.13513513515 0.00401 0.00442 0.00468 0.00493 0.00516 0.00547 0.00582 0.00638 0.00725
137637.63763763764 0.00404 0.00444 0.00468 0.00493 0.00516 0.00545 0.0058 0.00634 0.0072
140140.14014014014 0.00406 0.00445 0.00469 0.00493 0.00515 0.00544 0.00577 0.00631 0.00716
142642.64264264263 0.00409 0.00446 0.0047 0.00492 0.00514 0.00542 0.00575 0.00628 0.00712
145145.14514514513 0.00411 0.00448 0.0047 0.00492 0.00514 0.00541 0.00573 0.00625 0.00707
147647.64764764765 0.00414 0.00449 0.00471 0.00492 0.00513 0.0054 0.00571 0.00621 0.00703
150150.15015015015 0.00416 0.0045 0.00471 0.00492 0.00513 0.00538 0.00569 0.00618 0.00699
152652.65265265264 0.00418 0.00451 0.00472 0.00492 0.00512 0.00537 0.00567 0.00615 0.00694
155155.15515515517 0.0042 0.00453 0.00473 0.00492 0.00511 0.00536 0.00565 0.00612 0.0069
157657.65765765766 0.00422 0.00454 0.00473 0.00492 0.00511 0.00535 0.00563 0.00609 0.00686
160160.16016016016 0.00424 0.00455 0.00474 0.00492 0.0051 0.00533 0.00561 0.00607 0.00682
162662.66266266265 0.00426 0.00456 0.00474 0.00492 0.0051 0.00532 0.00559 0.00604 0.00678
165165.16516516515 0.00428 0.00457 0.00475 0.00492 0.00509 0.00531 0.00558 0.00601 0.00674
167667.66766766767 0.0043 0.00458 0.00475 0.00492 0.00509 0.0053 0.00556 0.00598 0.0067
170170.17017017017 0.00432 0.00459 0.00476 0.00492 0.00508 0.00529 0.00554 0.00596 0.00666
172672.67267267266 0.00433 0.0046 0.00476 0.00492 0.00508 0.00528 0.00553 0.00593 0.00662
175175.1751751752 0.00435 0.00461 0.00476 0.00492 0.00507 0.00527 0.00551 0.00591 0.00659
177677.67767767768 0.00437 0.00461 0.00477 0.00492 0.00507 0.00526 0.00549 0.00588 0.00655
180180.18018018018 0.00438 0.00462 0.00477 0.00492 0.00507 0.00525 0.00548 0.00586 0.00651
182682.68268268267 0.0044 0.00463 0.00478 0.00492 0.00506 0.00524 0.00546 0.00583 0.00648
185185.18518518517 0.00441 0.00464 0.00478 0.00492 0.00506 0.00523 0.00545 0.00581 0.00644
187687.6876876877 0.00443 0.00465 0.00478 0.00492 0.00505 0.00523 0.00544 0.00579 0.0064
190190.1901901902 0.00444 0.00465 0.00479 0.00492 0.00505 0.00522 0.00542 0.00576 0.00637
192692.69269269268 0.00445 0.00466 0.00479 0.00492 0.00505 0.00521 0.00541 0.00574 0.00634
195195.1951951952 0.00447 0.00467 0.00479 0.00492 0.00504 0.0052 0.00539 0.00572 0.0063
197697.6976976977 0.00448 0.00468 0.0048 0.00492 0.00504 0.00519 0.00538 0.0057 0.00627
200200.2002002002 0.00449 0.00468 0.0048 0.00492 0.00504 0.00519 0.00537 0.00568 0.00624
202702.7027027027 0.0045 0.00469 0.0048 0.00492 0.00503 0.00518 0.00536 0.00566 0.00621
205205.2052052052 0.00452 0.0047 0.00481 0.00492 0.00503 0.00517 0.00535 0.00564 0.00618
207707.7077077077 0.00453 0.0047 0.00481 0.00492 0.00503 0.00516 0.00533 0.00562 0.00615
210210.2102102102 0.00454 0.00471 0.00481 0.00492 0.00502 0.00516 0.00532 0.0056 0.00612
212712.7127127127 0.00455 0.00471 0.00482 0.00492 0.00502 0.00515 0.00531 0.00559 0.00609
215215.21521521523 0.00456 0.00472 0.00482 0.00492 0.00502 0.00514 0.0053 0.00557 0.00606
217717.71771771772 0.00457 0.00472 0.00482 0.00492 0.00501 0.00514 0.00529 0.00555 0.00603
220220.22022022022 0.00458 0.00473 0.00482 0.00492 0.00501 0.00513 0.00528 0.00553 0.006
222722.7227227227 0.00459 0.00474 0.00483 0.00492 0.00501 0.00513 0.00527 0.00552 0.00598
225225.2252252252 0.0046 0.00474 0.00483 0.00492 0.00501 0.00512 0.00526 0.0055 0.00595
227727.72772772773 0.00461 0.00475 0.00483 0.00492 0.005 0.00511 0.00525 0.00549 0.00592
230230.23023023023 0.00462 0.00475 0.00483 0.00492 0.005 0.00511 0.00524 0.00547 0.0059
232732.73273273272 0.00462 0.00475 0.00484 0.00492 0.005 0.0051 0.00523 0.00546 0.00587
235235.23523523525 0.00463 0.00476 0.00484 0.00492 0.005 0.0051 0.00522 0.00544 0.00585
237737.73773773774 0.00464 0.00476 0.00484 0.00492 0.00499 0.00509 0.00522 0.00543 0.00583
240240.24024024024 0.00465 0.00477 0.00484 0.00492 0.00499 0.00509 0.00521 0.00542 0.0058
242742.74274274273 0.00466 0.00477 0.00484 0.00492 0.00499 0.00508 0.0052 0.0054 0.00578
245245.24524524523 0.00466 0.00478 0.00485 0.00492 0.00499 0.00508 0.00519 0.00539 0.00576
247747.74774774775 0.00467 0.00478 0.00485 0.00492 0.00499 0.00507 0.00518 0.00538 0.00574
250250.25025025025 0.00468 0.00478 0.00485 0.00492 0.00498 0.00507 0.00518 0.00536 0.00572
252752.75275275274 0.00468 0.00479 0.00485 0.00492 0.00498 0.00507 0.00517 0.00535 0.0057
255255.25525525527 0.00469 0.00479 0.00485 0.00492 0.00498 0.00506 0.00516 0.00534 0.00568
257757.75775775776 0.0047 0.00479 0.00486 0.00492 0.00498 0.00506 0.00516 0.00533 0.00566
260260.26026026026 0.0047 0.0048 0.00486 0.00492 0.00498 0.00505 0.00515 0.00532 0.00564
262762.7627627628 0.00471 0.0048 0.00486 0.00492 0.00497 0.00505 0.00514 0.00531 0.00562
265265.26526526525 0.00472 0.0048 0.00486 0.00492 0.00497 0.00505 0.00514 0.0053 0.0056
267767.7677677678 0.00472 0.00481 0.00486 0.00492 0.00497 0.00504 0.00513 0.00529 0.00558
270270.2702702703 0.00473 0.00481 0.00486 0.00492 0.00497 0.00504 0.00512 0.00528 0.00556
272772.77277277276 0.00473 0.00481 0.00486 0.00492 0.00497 0.00504 0.00512 0.00527 0.00555
275275.2752752753 0.00474 0.00482 0.00487 0.00492 0.00497 0.00503 0.00511 0.00526 0.00553
277777.77777777775 0.00474 0.00482 0.00487 0.00492 0.00496 0.00503 0.00511 0.00525 0.00551
280280.2802802803 0.00475 0.00482 0.00487 0.00492 0.00496 0.00503 0.0051 0.00524 0.0055
282782.7827827828 0.00475 0.00482 0.00487 0.00492 0.00496 0.00502 0.0051 0.00523 0.00548
285285.28528528527 0.00476 0.00483 0.00487 0.00492 0.00496 0.00502 0.00509 0.00522 0.00547
287787.7877877878 0.00476 0.00483 0.00487 0.00492 0.00496 0.00502 0.00509 0.00521 0.00545
290290.29029029026 0.00476 0.00483 0.00487 0.00492 0.00496 0.00501 0.00508 0.0052 0.00544
292792.7927927928 0.00477 0.00483 0.00487 0.00492 0.00496 0.00501 0.00508 0.0052 0.00543
295295.2952952953 0.00477 0.00484 0.00488 0.00492 0.00496 0.00501 0.00507 0.00519 0.00541
297797.7977977978 0.00478 0.00484 0.00488 0.00492 0.00495 0.00501 0.00507 0.00518 0.0054
300300.3003003003 0.00478 0.00484 0.00488 0.00492 0.00495 0.005 0.00507 0.00517 0.00539
302802.8028028028 0.00478 0.00484 0.00488 0.00492 0.00495 0.005 0.00506 0.00517 0.00537
305305.3053053053 0.00479 0.00484 0.00488 0.00492 0.00495 0.005 0.00506 0.00516 0.00536
307807.8078078078 0.00479 0.00485 0.00488 0.00492 0.00495 0.005 0.00505 0.00515 0.00535
310310.31031031033 0.0048 0.00485 0.00488 0.00492 0.00495 0.00499 0.00505 0.00515 0.00534
312812.8128128128 0.0048 0.00485 0.00488 0.00492 0.00495 0.00499 0.00505 0.00514 0.00533
315315.3153153153 0.0048 0.00485 0.00488 0.00492 0.00495 0.00499 0.00504 0.00513 0.00531
317817.8178178178 0.00481 0.00485 0.00488 0.00492 0.00495 0.00499 0.00504 0.00513 0.0053
320320.3203203203 0.00481 0.00486 0.00489 0.00492 0.00495 0.00499 0.00503 0.00512 0.00529
322822.82282282284 0.00481 0.00486 0.00489 0.00492 0.00494 0.00498 0.00503 0.00512 0.00528
325325.3253253253 0.00481 0.00486 0.00489 0.00492 0.00494 0.00498 0.00503 0.00511 0.00527
327827.82782782783 0.00482 0.00486 0.00489 0.00492 0.00494 0.00498 0.00503 0.00511 0.00526
330330.3303303303 0.00482 0.00486 0.00489 0.00492 0.00494 0.00498 0.00502 0.0051 0.00525
332832.8328328328 0.00482 0.00486 0.00489 0.00492 0.00494 0.00498 0.00502 0.0051 0.00524
335335.33533533535 0.00482 0.00486 0.00489 0.00492 0.00494 0.00497 0.00502 0.00509 0.00524
337837.8378378378 0.00483 0.00487 0.00489 0.00492 0.00494 0.00497 0.00501 0.00509 0.00523
340340.34034034034 0.00483 0.00487 0.00489 0.00492 0.00494 0.00497 0.00501 0.00508 0.00522
342842.84284284286 0.00483 0.00487 0.00489 0.00492 0.00494 0.00497 0.00501 0.00508 0.00521
345345.3453453453 0.00483 0.00487 0.00489 0.00492 0.00494 0.00497 0.00501 0.00507 0.0052
347847.84784784785 0.00484 0.00487 0.00489 0.00492 0.00494 0.00497 0.005 0.00507 0.00519
350350.3503503504 0.00484 0.00487 0.00489 0.00492 0.00494 0.00496 0.005 0.00506 0.00519
352852.85285285284 0.00484 0.00487 0.00489 0.00492 0.00494 0.00496 0.005 0.00506 0.00518
355355.35535535536 0.00484 0.00487 0.00489 0.00492 0.00494 0.00496 0.005 0.00506 0.00517
357857.85785785783 0.00485 0.00488 0.0049 0.00492 0.00493 0.00496 0.00499 0.00505 0.00517
360360.36036036036 0.00485 0.00488 0.0049 0.00492 0.00493 0.00496 0.00499 0.00505 0.00516
362862.8628628629 0.00485 0.00488 0.0049 0.00492 0.00493 0.00496 0.00499 0.00504 0.00515
365365.36536536535 0.00485 0.00488 0.0049 0.00492 0.00493 0.00496 0.00499 0.00504 0.00515
367867.86786786787 0.00485 0.00488 0.0049 0.00492 0.00493 0.00496 0.00498 0.00504 0.00514
370370.37037037034 0.00485 0.00488 0.0049 0.00492 0.00493 0.00495 0.00498 0.00503 0.00513
372872.87287287286 0.00486 0.00488 0.0049 0.00492 0.00493 0.00495 0.00498 0.00503 0.00513
375375.3753753754 0.00486 0.00488 0.0049 0.00492 0.00493 0.00495 0.00498 0.00503 0.00512
377877.87787787785 0.00486 0.00488 0.0049 0.00492 0.00493 0.00495 0.00498 0.00502 0.00512
380380.3803803804 0.00486 0.00488 0.0049 0.00492 0.00493 0.00495 0.00498 0.00502 0.00511
382882.8828828829 0.00486 0.00489 0.0049 0.00492 0.00493 0.00495 0.00497 0.00502 0.0051
385385.38538538537 0.00486 0.00489 0.0049 0.00491 0.00493 0.00495 0.00497 0.00501 0.0051
387887.8878878879 0.00487 0.00489 0.0049 0.00491 0.00493 0.00495 0.00497 0.00501 0.00509
390390.3903903904 0.00487 0.00489 0.0049 0.00491 0.00493 0.00495 0.00497 0.00501 0.00509
392892.8928928929 0.00487 0.00489 0.0049 0.00491 0.00493 0.00495 0.00497 0.00501 0.00508
395395.3953953954 0.00487 0.00489 0.0049 0.00491 0.00493 0.00494 0.00497 0.005 0.00508
397897.89789789787 0.00487 0.00489 0.0049 0.00491 0.00493 0.00494 0.00496 0.005 0.00508
400400.4004004004 0.00487 0.00489 0.0049 0.00491 0.00493 0.00494 0.00496 0.005 0.00507
402902.9029029029 0.00487 0.00489 0.0049 0.00491 0.00493 0.00494 0.00496 0.005 0.00507
405405.4054054054 0.00487 0.00489 0.0049 0.00491 0.00493 0.00494 0.00496 0.00499 0.00506
407907.9079079079 0.00488 0.00489 0.0049 0.00491 0.00493 0.00494 0.00496 0.00499 0.00506
410410.4104104104 0.00488 0.00489 0.0049 0.00491 0.00493 0.00494 0.00496 0.00499 0.00505
412912.9129129129 0.00488 0.00489 0.0049 0.00491 0.00493 0.00494 0.00496 0.00499 0.00505
415415.4154154154 0.00488 0.00489 0.0049 0.00491 0.00492 0.00494 0.00496 0.00499 0.00505
417917.9179179179 0.00488 0.00489 0.0049 0.00491 0.00492 0.00494 0.00495 0.00498 0.00504
420420.4204204204 0.00488 0.0049 0.00491 0.00491 0.00492 0.00494 0.00495 0.00498 0.00504
422922.92292292294 0.00488 0.0049 0.00491 0.00491 0.00492 0.00494 0.00495 0.00498 0.00504
425425.4254254254 0.00488 0.0049 0.00491 0.00491 0.00492 0.00494 0.00495 0.00498 0.00503
427927.9279279279 0.00488 0.0049 0.00491 0.00491 0.00492 0.00494 0.00495 0.00498 0.00503
430430.43043043045 0.00488 0.0049 0.00491 0.00491 0.00492 0.00493 0.00495 0.00497 0.00503
432932.9329329329 0.00488 0.0049 0.00491 0.00491 0.00492 0.00493 0.00495 0.00497 0.00502
435435.43543543544 0.00489 0.0049 0.00491 0.00491 0.00492 0.00493 0.00495 0.00497 0.00502
437937.9379379379 0.00489 0.0049 0.00491 0.00491 0.00492 0.00493 0.00495 0.00497 0.00502
440440.44044044043 0.00489 0.0049 0.00491 0.00491 0.00492 0.00493 0.00495 0.00497 0.00501
442942.94294294296 0.00489 0.0049 0.00491 0.00491 0.00492 0.00493 0.00494 0.00497 0.00501
445445.4454454454 0.00489 0.0049 0.00491 0.00491 0.00492 0.00493 0.00494 0.00497 0.00501
447947.94794794795 0.00489 0.0049 0.00491 0.00491 0.00492 0.00493 0.00494 0.00496 0.00501
450450.4504504504 0.00489 0.0049 0.00491 0.00491 0.00492 0.00493 0.00494 0.00496 0.005
452952.95295295294 0.00489 0.0049 0.00491 0.00491 0.00492 0.00493 0.00494 0.00496 0.005
455455.45545545546 0.00489 0.0049 0.00491 0.00491 0.00492 0.00493 0.00494 0.00496 0.005
457957.95795795793 0.00489 0.0049 0.00491 0.00491 0.00492 0.00493 0.00494 0.00496 0.005
460460.46046046045 0.00489 0.0049 0.00491 0.00491 0.00492 0.00493 0.00494 0.00496 0.00499
462962.962962963 0.00489 0.0049 0.00491 0.00491 0.00492 0.00493 0.00494 0.00496 0.00499
465465.46546546544 0.00489 0.0049 0.00491 0.00491 0.00492 0.00493 0.00494 0.00496 0.00499
467967.96796796797 0.00489 0.0049 0.00491 0.00491 0.00492 0.00493 0.00494 0.00495 0.00499
470470.4704704705 0.0049 0.0049 0.00491 0.00491 0.00492 0.00493 0.00494 0.00495 0.00499
472972.97297297296 0.0049 0.0049 0.00491 0.00491 0.00492 0.00493 0.00494 0.00495 0.00498
475475.4754754755 0.0049 0.0049 0.00491 0.00491 0.00492 0.00493 0.00494 0.00495 0.00498
477977.97797797795 0.0049 0.0049 0.00491 0.00491 0.00492 0.00493 0.00493 0.00495 0.00498
480480.4804804805 0.0049 0.0049 0.00491 0.00491 0.00492 0.00493 0.00493 0.00495 0.00498
482982.982982983 0.0049 0.00491 0.00491 0.00491 0.00492 0.00493 0.00493 0.00495 0.00498
485485.48548548546 0.0049 0.00491 0.00491 0.00491 0.00492 0.00493 0.00493 0.00495 0.00497
487987.987987988 0.0049 0.00491 0.00491 0.00491 0.00492 0.00492 0.00493 0.00495 0.00497
490490.49049049045 0.0049 0.00491 0.00491 0.00491 0.00492 0.00492 0.00493 0.00495 0.00497
492992.992992993 0.0049 0.00491 0.00491 0.00491 0.00492 0.00492 0.00493 0.00494 0.00497
495495.4954954955 0.0049 0.00491 0.00491 0.00491 0.00492 0.00492 0.00493 0.00494 0.00497
497997.99799799797 0.0049 0.00491 0.00491 0.00491 0.00492 0.00492 0.00493 0.00494 0.00497