t y1 y2 y3 y4 y5 y6 y7 y8 y9
0.0 0.0357 0.061 0.0863 0.1116 0.1369 0.1622 0.1875 0.2128 0.238
250.25025025025028 0.03519 0.05923 0.08256 0.10523 0.12726 0.14867 0.16951 0.18978 0.20944
500.50050050050055 0.03464 0.05746 0.07906 0.09957 0.1191 0.13774 0.15558 0.17268 0.18903
750.7507507507509 0.03407 0.0558 0.07597 0.09485 0.11262 0.12943 0.14538 0.16056 0.17499
1001.0010010010011 0.03352 0.05431 0.07336 0.09107 0.10766 0.12329 0.1381 0.15216 0.16549
1251.2512512512512 0.03299 0.05299 0.07122 0.08812 0.10396 0.1189 0.13305 0.14648 0.15919
1501.5015015015017 0.03249 0.05186 0.0695 0.0859 0.10132 0.11589 0.1297 0.1428 0.15519
1751.751751751752 0.03204 0.05091 0.06817 0.0843 0.09953 0.11396 0.12765 0.14063 0.15288
2002.0020020020022 0.03162 0.05013 0.06718 0.08322 0.09845 0.11291 0.12663 0.13962 0.15184
2252.252252252252 0.03125 0.04951 0.06649 0.0826 0.09796 0.11257 0.12643 0.13951 0.15176
2502.5025025025025 0.03092 0.04904 0.06607 0.08237 0.09797 0.11282 0.12688 0.1401 0.15243
2752.752752752753 0.03063 0.0487 0.06589 0.08247 0.09839 0.11356 0.12787 0.14126 0.15367
3003.0030030030034 0.03039 0.04847 0.06591 0.08286 0.09919 0.11471 0.12929 0.14287 0.15536
3253.2532532532537 0.03018 0.04836 0.06613 0.08352 0.10029 0.1162 0.13108 0.14483 0.15739
3503.503503503504 0.03 0.04836 0.06653 0.08442 0.10168 0.118 0.13316 0.14708 0.15969
3753.753753753754 0.02987 0.04844 0.06708 0.08552 0.10331 0.12005 0.1355 0.14956 0.16219
4004.0040040040044 0.02976 0.04862 0.06777 0.08681 0.10515 0.12231 0.13804 0.15222 0.16484
4254.254254254254 0.02969 0.04887 0.0686 0.08828 0.10719 0.12477 0.14075 0.15502 0.1676
4504.504504504504 0.02964 0.0492 0.06955 0.08991 0.1094 0.1274 0.14359 0.15792 0.17042
4754.754754754755 0.02963 0.04961 0.07063 0.0917 0.11177 0.13016 0.14655 0.16089 0.17328
5005.005005005005 0.02963 0.05008 0.07181 0.09362 0.11428 0.13304 0.14958 0.16391 0.17616
5255.255255255255 0.02967 0.05061 0.07311 0.09567 0.11692 0.13603 0.15268 0.16695 0.17902
5505.505505505506 0.02972 0.05121 0.0745 0.09785 0.11968 0.13909 0.15583 0.17 0.18186
5755.755755755757 0.0298 0.05187 0.07599 0.10014 0.12253 0.14223 0.159 0.17303 0.18465
6006.006006006007 0.02989 0.05258 0.07759 0.10255 0.12548 0.14542 0.16218 0.17603 0.18739
6256.256256256257 0.03001 0.05335 0.07927 0.10505 0.12851 0.14864 0.16535 0.179 0.19006
6506.506506506507 0.03015 0.05418 0.08105 0.10766 0.13162 0.1519 0.1685 0.18191 0.19266
6756.756756756758 0.0303 0.05506 0.08292 0.11036 0.13478 0.15516 0.17163 0.18476 0.19518
7007.007007007008 0.03047 0.056 0.08487 0.11315 0.13799 0.15843 0.17471 0.18753 0.19761
7257.257257257258 0.03066 0.05698 0.08692 0.11602 0.14124 0.16168 0.17774 0.19023 0.19995
7507.507507507508 0.03086 0.05803 0.08905 0.11897 0.14453 0.16492 0.18071 0.19285 0.2022
7757.757757757759 0.03108 0.05912 0.09127 0.12199 0.14783 0.16812 0.18361 0.19538 0.20436
8008.008008008009 0.03131 0.06028 0.09357 0.12507 0.15115 0.17129 0.18644 0.19782 0.20642
8258.258258258258 0.03156 0.06148 0.09596 0.12822 0.15447 0.1744 0.18919 0.20016 0.20838
8508.508508508508 0.03183 0.06274 0.09843 0.13141 0.15778 0.17746 0.19185 0.20241 0.21025
8758.758758758759 0.0321 0.06406 0.10098 0.13465 0.16107 0.18045 0.19442 0.20456 0.21203
9009.009009009009 0.0324 0.06544 0.10361 0.13792 0.16434 0.18337 0.1969 0.20662 0.21372
9259.25925925926 0.0327 0.06687 0.10632 0.14122 0.16757 0.18622 0.19929 0.20858 0.21531
9509.50950950951 0.03302 0.06837 0.1091 0.14455 0.17076 0.18898 0.20158 0.21044 0.21682
9759.75975975976 0.03336 0.06992 0.11196 0.14789 0.17389 0.19165 0.20377 0.21221 0.21824
10010.01001001001 0.0337 0.07154 0.11488 0.15123 0.17697 0.19424 0.20586 0.21389 0.21958
10260.26026026026 0.03407 0.07322 0.11787 0.15457 0.17998 0.19673 0.20786 0.21547 0.22084
10510.51051051051 0.03444 0.07497 0.12092 0.15789 0.18292 0.19912 0.20976 0.21697 0.22203
10760.760760760762 0.03484 0.07678 0.12404 0.1612 0.18578 0.20142 0.21156 0.21839 0.22314
11011.011011011013 0.03524 0.07866 0.1272 0.16447 0.18856 0.20362 0.21327 0.21972 0.22418
11261.261261261263 0.03566 0.08061 0.13041 0.16771 0.19125 0.20572 0.21489 0.22097 0.22516
11511.511511511513 0.0361 0.08263 0.13366 0.1709 0.19385 0.20772 0.21643 0.22215 0.22607
11761.761761761763 0.03655 0.08472 0.13694 0.17404 0.19635 0.20963 0.21787 0.22325 0.22693
12012.012012012014 0.03702 0.08689 0.14026 0.17712 0.19876 0.21144 0.21923 0.22429 0.22772
12262.262262262264 0.0375 0.08913 0.14359 0.18013 0.20108 0.21316 0.22052 0.22526 0.22847
12512.512512512514 0.038 0.09144 0.14694 0.18306 0.20329 0.21479 0.22172 0.22617 0.22916
12762.762762762764 0.03852 0.09382 0.15029 0.18592 0.20541 0.21633 0.22285 0.22701 0.22981
13013.013013013015 0.03905 0.09628 0.15363 0.1887 0.20743 0.21778 0.22391 0.22781 0.23041
13263.263263263265 0.0396 0.09882 0.15697 0.19138 0.20935 0.21914 0.22491 0.22855 0.23098
13513.513513513515 0.04018 0.10143 0.16028 0.19398 0.21117 0.22043 0.22584 0.22924 0.2315
13763.763763763765 0.04077 0.10411 0.16357 0.19648 0.21291 0.22164 0.22671 0.22988 0.23198
14014.014014014016 0.04138 0.10687 0.16682 0.19888 0.21455 0.22278 0.22752 0.23048 0.23243
14264.264264264266 0.04201 0.10969 0.17003 0.20119 0.2161 0.22384 0.22828 0.23103 0.23285
14514.514514514516 0.04266 0.11258 0.17318 0.2034 0.21756 0.22484 0.22899 0.23155 0.23324
14764.764764764766 0.04334 0.11554 0.17628 0.20552 0.21894 0.22578 0.22965 0.23203 0.2336
15015.015015015017 0.04404 0.11856 0.17931 0.20753 0.22024 0.22665 0.23026 0.23248 0.23394
15265.265265265267 0.04476 0.12164 0.18227 0.20945 0.22146 0.22747 0.23083 0.2329 0.23425
15515.515515515517 0.04551 0.12478 0.18515 0.21127 0.22261 0.22823 0.23136 0.23328 0.23454
15765.765765765767 0.04628 0.12796 0.18795 0.21299 0.22369 0.22894 0.23186 0.23364 0.2348
16016.016016016018 0.04708 0.13119 0.19066 0.21463 0.22469 0.2296 0.23232 0.23397 0.23505
16266.266266266268 0.04791 0.13445 0.19328 0.21618 0.22564 0.23022 0.23275 0.23428 0.23528
16516.516516516516 0.04877 0.13775 0.19581 0.21764 0.22652 0.23079 0.23314 0.23457 0.23549
16766.766766766767 0.04966 0.14107 0.19824 0.21901 0.22735 0.23133 0.23351 0.23483 0.23569
17017.017017017017 0.05058 0.14441 0.20057 0.22031 0.22812 0.23183 0.23385 0.23508 0.23587
17267.267267267267 0.05153 0.14776 0.20281 0.22152 0.22884 0.23229 0.23417 0.2353 0.23604
17517.517517517517 0.05252 0.15111 0.20495 0.22267 0.22951 0.23272 0.23446 0.23551 0.23619
17767.767767767768 0.05354 0.15446 0.20699 0.22374 0.23013 0.23312 0.23473 0.23571 0.23634
18018.018018018018 0.0546 0.15779 0.20893 0.22475 0.23071 0.23349 0.23499 0.23589 0.23647
18268.268268268268 0.05569 0.1611 0.21078 0.22569 0.23125 0.23383 0.23522 0.23606 0.23659
18518.51851851852 0.05683 0.16438 0.21253 0.22657 0.23175 0.23415 0.23544 0.23621 0.23671
18768.76876876877 0.05801 0.16762 0.21419 0.22739 0.23222 0.23444 0.23564 0.23635 0.23681
19019.01901901902 0.05923 0.17082 0.21576 0.22816 0.23265 0.23472 0.23582 0.23648 0.23691
19269.26926926927 0.0605 0.17396 0.21725 0.22887 0.23306 0.23497 0.23599 0.23661 0.237
19519.51951951952 0.06181 0.17704 0.21865 0.22954 0.23343 0.23521 0.23615 0.23672 0.23709
19769.76976976977 0.06317 0.18005 0.21996 0.23016 0.23378 0.23542 0.2363 0.23683 0.23716
20020.02002002002 0.06458 0.18299 0.2212 0.23074 0.2341 0.23562 0.23644 0.23692 0.23723
20270.27027027027 0.06604 0.18585 0.22236 0.23128 0.2344 0.23581 0.23656 0.23701 0.2373
20520.52052052052 0.06756 0.18863 0.22346 0.23178 0.23468 0.23598 0.23668 0.23709 0.23736
20770.77077077077 0.06913 0.19132 0.22448 0.23224 0.23493 0.23614 0.23679 0.23717 0.23742
21021.02102102102 0.07076 0.19392 0.22544 0.23268 0.23517 0.23629 0.23689 0.23724 0.23747
21271.27127127127 0.07245 0.19642 0.22633 0.23308 0.23539 0.23643 0.23698 0.23731 0.23752
21521.521521521525 0.0742 0.19883 0.22717 0.23345 0.23559 0.23655 0.23706 0.23737 0.23756
21771.771771771775 0.07601 0.20114 0.22795 0.2338 0.23578 0.23667 0.23714 0.23742 0.2376
22022.022022022025 0.07789 0.20335 0.22868 0.23412 0.23596 0.23678 0.23722 0.23747 0.23764
22272.272272272276 0.07983 0.20547 0.22936 0.23441 0.23612 0.23688 0.23728 0.23752 0.23768
22522.522522522526 0.08184 0.20748 0.23 0.23469 0.23627 0.23697 0.23735 0.23757 0.23771
22772.772772772776 0.08392 0.2094 0.23059 0.23495 0.23641 0.23706 0.2374 0.23761 0.23774
23023.023023023026 0.08607 0.21123 0.23113 0.23518 0.23654 0.23714 0.23746 0.23764 0.23777
23273.273273273277 0.08829 0.21296 0.23165 0.2354 0.23665 0.23721 0.2375 0.23768 0.23779
23523.523523523527 0.09059 0.21459 0.23212 0.23561 0.23676 0.23728 0.23755 0.23771 0.23781
23773.773773773777 0.09296 0.21614 0.23256 0.23579 0.23687 0.23734 0.23759 0.23774 0.23784
24024.024024024027 0.0954 0.2176 0.23297 0.23597 0.23696 0.2374 0.23763 0.23777 0.23786
24274.274274274278 0.09791 0.21898 0.23335 0.23613 0.23705 0.23745 0.23767 0.23779 0.23787
24524.524524524528 0.1005 0.22028 0.2337 0.23628 0.23713 0.2375 0.2377 0.23782 0.23789
24774.774774774778 0.10316 0.2215 0.23403 0.23642 0.2372 0.23755 0.23773 0.23784 0.23791
25025.02502502503 0.10589 0.22264 0.23434 0.23654 0.23727 0.23759 0.23776 0.23786 0.23792
25275.27527527528 0.1087 0.22372 0.23462 0.23666 0.23733 0.23763 0.23778 0.23788 0.23794
25525.52552552553 0.11157 0.22472 0.23488 0.23677 0.23739 0.23766 0.23781 0.23789 0.23795
25775.77577577578 0.11451 0.22567 0.23512 0.23687 0.23744 0.2377 0.23783 0.23791 0.23796
26026.02602602603 0.11751 0.22655 0.23534 0.23696 0.23749 0.23773 0.23785 0.23792 0.23797
26276.27627627628 0.12057 0.22737 0.23555 0.23705 0.23754 0.23776 0.23787 0.23794 0.23798
26526.52652652653 0.12369 0.22814 0.23574 0.23713 0.23758 0.23778 0.23789 0.23795 0.23799
26776.77677677678 0.12685 0.22886 0.23592 0.2372 0.23762 0.23781 0.2379 0.23796 0.238
27027.02702702703 0.13007 0.22952 0.23609 0.23727 0.23766 0.23783 0.23792 0.23797 0.23801
27277.27727727728 0.13332 0.23015 0.23624 0.23734 0.23769 0.23785 0.23793 0.23798 0.23801
27527.52752752753 0.13661 0.23073 0.23638 0.23739 0.23772 0.23787 0.23795 0.23799 0.23802
27777.77777777778 0.13992 0.23127 0.23651 0.23745 0.23775 0.23789 0.23796 0.238 0.23803
28028.02802802803 0.14326 0.23177 0.23663 0.2375 0.23778 0.2379 0.23797 0.23801 0.23803
28278.27827827828 0.14661 0.23223 0.23674 0.23754 0.2378 0.23792 0.23798 0.23801 0.23804
28528.52852852853 0.14996 0.23267 0.23684 0.23759 0.23783 0.23793 0.23799 0.23802 0.23804
28778.778778778782 0.15331 0.23307 0.23694 0.23762 0.23785 0.23794 0.238 0.23803 0.23805
29029.029029029032 0.15665 0.23344 0.23703 0.23766 0.23787 0.23796 0.238 0.23803 0.23805
29279.279279279282 0.15997 0.23379 0.23711 0.23769 0.23788 0.23797 0.23801 0.23804 0.23805
29529.529529529533 0.16326 0.23411 0.23718 0.23773 0.2379 0.23798 0.23802 0.23804 0.23806
29779.779779779783 0.16651 0.23441 0.23725 0.23775 0.23792 0.23799 0.23802 0.23805 0.23806
30030.030030030033 0.16973 0.23468 0.23732 0.23778 0.23793 0.238 0.23803 0.23805 0.23806
30280.280280280283 0.17289 0.23494 0.23738 0.2378 0.23794 0.238 0.23804 0.23805 0.23807
30530.530530530534 0.17599 0.23518 0.23743 0.23783 0.23795 0.23801 0.23804 0.23806 0.23807
30780.780780780784 0.17903 0.2354 0.23748 0.23785 0.23797 0.23802 0.23804 0.23806 0.23807
31031.031031031034 0.18199 0.2356 0.23753 0.23787 0.23798 0.23802 0.23805 0.23806 0.23807
31281.281281281284 0.18488 0.23579 0.23757 0.23788 0.23799 0.23803 0.23805 0.23807 0.23808
31531.531531531535 0.18769 0.23596 0.23761 0.2379 0.23799 0.23803 0.23806 0.23807 0.23808
31781.781781781785 0.19041 0.23612 0.23765 0.23792 0.238 0.23804 0.23806 0.23807 0.23808
32032.032032032035 0.19304 0.23627 0.23769 0.23793 0.23801 0.23804 0.23806 0.23807 0.23808
32282.282282282285 0.19557 0.23641 0.23772 0.23794 0.23802 0.23805 0.23807 0.23808 0.23808
32532.532532532536 0.19801 0.23654 0.23775 0.23796 0.23802 0.23805 0.23807 0.23808 0.23808
32782.782782782786 0.20036 0.23666 0.23777 0.23797 0.23803 0.23806 0.23807 0.23808 0.23808
33033.03303303303 0.2026 0.23677 0.2378 0.23798 0.23803 0.23806 0.23807 0.23808 0.23809
33283.28328328329 0.20475 0.23687 0.23782 0.23799 0.23804 0.23806 0.23807 0.23808 0.23809
33533.53353353353 0.2068 0.23696 0.23784 0.23799 0.23804 0.23807 0.23808 0.23808 0.23809
33783.78378378379 0.20875 0.23705 0.23786 0.238 0.23805 0.23807 0.23808 0.23808 0.23809
34034.03403403403 0.21061 0.23713 0.23788 0.23801 0.23805 0.23807 0.23808 0.23809 0.23809
34284.28428428429 0.21237 0.2372 0.2379 0.23802 0.23806 0.23807 0.23808 0.23809 0.23809
34534.534534534534 0.21404 0.23727 0.23791 0.23802 0.23806 0.23807 0.23808 0.23809 0.23809
34784.78478478479 0.21562 0.23733 0.23793 0.23803 0.23806 0.23808 0.23808 0.23809 0.23809
35035.035035035035 0.21711 0.23739 0.23794 0.23803 0.23806 0.23808 0.23809 0.23809 0.23809
35285.28528528529 0.21852 0.23745 0.23795 0.23804 0.23807 0.23808 0.23809 0.23809 0.23809
35535.535535535535 0.21984 0.2375 0.23796 0.23804 0.23807 0.23808 0.23809 0.23809 0.23809
35785.78578578579 0.22109 0.23754 0.23797 0.23805 0.23807 0.23808 0.23809 0.23809 0.23809
36036.036036036036 0.22226 0.23758 0.23798 0.23805 0.23807 0.23808 0.23809 0.23809 0.23809
36286.28628628629 0.22336 0.23762 0.23799 0.23806 0.23808 0.23809 0.23809 0.23809 0.23809
36536.536536536536 0.22438 0.23766 0.238 0.23806 0.23808 0.23809 0.23809 0.23809 0.23809
36786.78678678679 0.22535 0.23769 0.23801 0.23806 0.23808 0.23809 0.23809 0.23809 0.2381
37037.03703703704 0.22625 0.23772 0.23801 0.23806 0.23808 0.23809 0.23809 0.23809 0.2381
37287.28728728729 0.22709 0.23775 0.23802 0.23807 0.23808 0.23809 0.23809 0.23809 0.2381
37537.53753753754 0.22788 0.23778 0.23803 0.23807 0.23808 0.23809 0.23809 0.23809 0.2381
37787.78778778779 0.22861 0.2378 0.23803 0.23807 0.23808 0.23809 0.23809 0.2381 0.2381
38038.03803803804 0.2293 0.23783 0.23804 0.23807 0.23809 0.23809 0.23809 0.2381 0.2381
38288.28828828829 0.22994 0.23785 0.23804 0.23808 0.23809 0.23809 0.23809 0.2381 0.2381
38538.53853853854 0.23053 0.23787 0.23805 0.23808 0.23809 0.23809 0.23809 0.2381 0.2381
38788.78878878879 0.23108 0.23788 0.23805 0.23808 0.23809 0.23809 0.2381 0.2381 0.2381
39039.03903903904 0.2316 0.2379 0.23805 0.23808 0.23809 0.23809 0.2381 0.2381 0.2381
39289.28928928929 0.23208 0.23792 0.23806 0.23808 0.23809 0.23809 0.2381 0.2381 0.2381
39539.53953953954 0.23252 0.23793 0.23806 0.23808 0.23809 0.23809 0.2381 0.2381 0.2381
39789.78978978979 0.23293 0.23794 0.23806 0.23809 0.23809 0.23809 0.2381 0.2381 0.2381
40040.04004004004 0.23332 0.23795 0.23807 0.23809 0.23809 0.2381 0.2381 0.2381 0.2381
40290.29029029029 0.23367 0.23797 0.23807 0.23809 0.23809 0.2381 0.2381 0.2381 0.2381
40540.54054054054 0.234 0.23798 0.23807 0.23809 0.23809 0.2381 0.2381 0.2381 0.2381
40790.790790790794 0.23431 0.23799 0.23807 0.23809 0.23809 0.2381 0.2381 0.2381 0.2381
41041.04104104104 0.23459 0.23799 0.23808 0.23809 0.23809 0.2381 0.2381 0.2381 0.2381
41291.291291291294 0.23485 0.238 0.23808 0.23809 0.23809 0.2381 0.2381 0.2381 0.2381
41541.54154154154 0.2351 0.23801 0.23808 0.23809 0.2381 0.2381 0.2381 0.2381 0.2381
41791.791791791795 0.23532 0.23802 0.23808 0.23809 0.2381 0.2381 0.2381 0.2381 0.2381
42042.04204204204 0.23553 0.23802 0.23808 0.23809 0.2381 0.2381 0.2381 0.2381 0.2381
42292.292292292295 0.23573 0.23803 0.23808 0.23809 0.2381 0.2381 0.2381 0.2381 0.2381
42542.54254254254 0.2359 0.23803 0.23808 0.23809 0.2381 0.2381 0.2381 0.2381 0.2381
42792.792792792796 0.23607 0.23804 0.23809 0.23809 0.2381 0.2381 0.2381 0.2381 0.2381
43043.04304304305 0.23622 0.23804 0.23809 0.23809 0.2381 0.2381 0.2381 0.2381 0.2381
43293.293293293296 0.23637 0.23805 0.23809 0.23809 0.2381 0.2381 0.2381 0.2381 0.2381
43543.54354354355 0.2365 0.23805 0.23809 0.2381 0.2381 0.2381 0.2381 0.2381 0.2381
43793.7937937938 0.23662 0.23806 0.23809 0.2381 0.2381 0.2381 0.2381 0.2381 0.2381
44044.04404404405 0.23673 0.23806 0.23809 0.2381 0.2381 0.2381 0.2381 0.2381 0.2381
44294.2942942943 0.23683 0.23806 0.23809 0.2381 0.2381 0.2381 0.2381 0.2381 0.2381
44544.54454454455 0.23693 0.23806 0.23809 0.2381 0.2381 0.2381 0.2381 0.2381 0.2381
44794.7947947948 0.23702 0.23807 0.23809 0.2381 0.2381 0.2381 0.2381 0.2381 0.2381
45045.04504504505 0.2371 0.23807 0.23809 0.2381 0.2381 0.2381 0.2381 0.2381 0.2381
45295.2952952953 0.23718 0.23807 0.23809 0.2381 0.2381 0.2381 0.2381 0.2381 0.2381
45545.54554554555 0.23725 0.23807 0.23809 0.2381 0.2381 0.2381 0.2381 0.2381 0.2381
45795.7957957958 0.23731 0.23808 0.23809 0.2381 0.2381 0.2381 0.2381 0.2381 0.2381
46046.04604604605 0.23737 0.23808 0.23809 0.2381 0.2381 0.2381 0.2381 0.2381 0.2381
46296.2962962963 0.23743 0.23808 0.23809 0.2381 0.2381 0.2381 0.2381 0.2381 0.2381
46546.54654654655 0.23748 0.23808 0.2381 0.2381 0.2381 0.2381 0.2381 0.2381 0.2381
46796.7967967968 0.23753 0.23808 0.2381 0.2381 0.2381 0.2381 0.2381 0.2381 0.2381
47047.047047047054 0.23757 0.23808 0.2381 0.2381 0.2381 0.2381 0.2381 0.2381 0.2381
47297.2972972973 0.23761 0.23809 0.2381 0.2381 0.2381 0.2381 0.2381 0.2381 0.2381
47547.547547547554 0.23765 0.23809 0.2381 0.2381 0.2381 0.2381 0.2381 0.2381 0.2381
47797.7977977978 0.23768 0.23809 0.2381 0.2381 0.2381 0.2381 0.2381 0.2381 0.2381
48048.048048048055 0.23771 0.23809 0.2381 0.2381 0.2381 0.2381 0.2381 0.2381 0.2381
48298.2982982983 0.23774 0.23809 0.2381 0.2381 0.2381 0.2381 0.2381 0.2381 0.2381
48548.548548548555 0.23777 0.23809 0.2381 0.2381 0.2381 0.2381 0.2381 0.2381 0.2381
48798.7987987988 0.2378 0.23809 0.2381 0.2381 0.2381 0.2381 0.2381 0.2381 0.2381
49049.049049049056 0.23782 0.23809 0.2381 0.2381 0.2381 0.2381 0.2381 0.2381 0.2381
49299.2992992993 0.23784 0.23809 0.2381 0.2381 0.2381 0.2381 0.2381 0.2381 0.2381
49549.549549549556 0.23786 0.23809 0.2381 0.2381 0.2381 0.2381 0.2381 0.2381 0.2381
49799.7997997998 0.23788 0.23809 0.2381 0.2381 0.2381 0.2381 0.2381 0.2381 0.2381